yelp.csv,-0.9464901089668274,0.30812570452690125,-1.884072184562683,-2.361152172088623,0.8916085958480835,0.08297889679670334,0.6938791871070862,-0.29173901677131653,-0.5817915201187134,-0.2615610659122467,0.394170880317688,-0.056333281099796295,1.6459012031555176,-1.8731807470321655,0.09875376522541046,-0.8930449485778809,-0.3229422867298126,0.6398331522941589,-0.9970569610595703,-0.4723351001739502,0.03505769371986389,-1.6373034715652466,0.4605761766433716,-0.8201725482940674,1.1716269254684448,1.8757184743881226,-0.29534873366355896,-0.8923797607421875,0.07667561620473862,0.37614351511001587,0.42063480615615845,-1.1210166215896606,-1.3216328620910645,1.7491000890731812,-0.5849665999412537,-1.2976741790771484,0.6151868104934692,-1.5020045042037964,1.0292928218841553,1.0997496843338013,1.154261827468872,-0.8769204020500183,0.24675676226615906,-2.215080738067627,-0.6277382373809814,-0.4471217393875122,-0.39344388246536255,0.3830563724040985,-2.3338327407836914,0.11871857196092606,-0.9795423150062561,-0.31063705682754517,0.7438732981681824,-0.6316534280776978,-0.8288436532020569,-0.9367960095405579,-1.1330864429473877,1.4470469951629639,1.964617371559143,0.2940831780433655,0.2062966376543045,0.8862577676773071,-0.2836810350418091,-0.04571015387773514,1.8415626287460327,1.3989448547363281,-0.15138806402683258,-0.9627947211265564,-1.654731035232544,-0.09929414838552475,-1.318772792816162,-0.5692873597145081,0.2652321755886078,2.242440938949585,0.06772458553314209,0.9419017434120178,-1.426033616065979,-1.0298186540603638,0.8822779059410095,0.946397602558136,0.12487612664699554,-0.35648319125175476,0.9311206340789795,0.44787493348121643,-1.8768069744110107,-1.1150058507919312,0.7243546843528748,0.10485627502202988,-0.309095561504364,0.7132983207702637,-0.19927942752838135,0.5161440968513489,-0.083109050989151,-0.6965979337692261,0.995736300945282,-1.0790247917175293,-0.1301167905330658,0.5566371083259583,-0.9148926138877869,-0.41149720549583435,0.9770299196243286,-0.7211537957191467,-2.697115182876587,-1.0195966958999634,0.9928825497627258,-0.6253994703292847,1.4136518239974976,-0.5075411200523376,0.858144998550415,0.9327885508537292,-0.5429661870002747,0.3990786373615265,1.3536428213119507,0.9760057926177979,-0.2748858332633972,2.3823020458221436,-0.6866960525512695,0.13225312530994415,0.11334625631570816,-1.6902559995651245,0.8745652437210083,0.2256813943386078,0.24280692636966705,0.25066980719566345,0.8155571222305298,-0.9322546124458313,-1.6591802835464478,1.1770293712615967,0.3672599196434021,0.19625432789325714,0.009944509714841843,2.79801082611084,-0.5901607871055603,-0.822099506855011,-0.6331828236579895,-0.3431815207004547,-1.1185972690582275,-0.30358168482780457,0.6054471135139465,-0.7011432647705078,0.9577702283859253,-1.1202677488327026,-0.6835797429084778,-0.4425622224807739,-0.24179410934448242,-0.020684082061052322,0.23173180222511292,-0.6517349481582642,1.2679082155227661,-0.21505358815193176,0.3070911169052124,-0.12483638525009155,2.5737950801849365,1.7506409883499146,-1.8465957641601562,0.4783952236175537,-0.7785112261772156,-0.18818378448486328,1.2278274297714233,1.1504982709884644,0.714648425579071,-0.10095939040184021,-0.2774283289909363,0.8702526688575745,2.274904489517212,-2.012472152709961,1.2923226356506348,0.22760063409805298,1.1156150102615356,-0.8732762932777405,0.2485676407814026,0.6035148501396179,-0.7742787003517151,-0.12025372684001923,0.17429310083389282,-0.4396841824054718,-0.42865729331970215,-0.6345127820968628,-0.6600042581558228,0.867354154586792,0.048752106726169586,0.8595554828643799,1.0163214206695557,-0.7496495842933655,0.04210473224520683,-0.576714038848877,-0.8027570247650146,-0.7837264537811279,-0.009456251747906208,-0.20173953473567963,0.3282792270183563,-2.5280873775482178,0.303440123796463,-0.2683310806751251,0.3487599790096283,0.10127919167280197,1.1524971723556519,0.2358154058456421,0.28461959958076477,-0.8855880498886108
amazon-kindle.csv,-1.5623583793640137,0.5715359449386597,-0.9408779740333557,-1.035841703414917,0.55936199426651,-0.5807520747184753,1.1920549869537354,0.5946023464202881,0.27018770575523376,0.06576784700155258,-0.4249480962753296,0.21467283368110657,1.0358526706695557,-0.9670585989952087,-1.5169490575790405,-0.4518280625343323,-0.29596400260925293,0.7175774574279785,-1.6268048286437988,1.1408414840698242,0.5778690576553345,-0.761878252029419,0.14350979030132294,-1.2712821960449219,0.7792393565177917,1.3676609992980957,-2.1069717407226562,-1.6912572383880615,-0.44683605432510376,-1.7571245431900024,1.3875287771224976,0.023559322580695152,0.5133634805679321,1.703558325767517,-0.9070609211921692,-2.0710153579711914,1.3104612827301025,-0.03856518119573593,-0.0068678949028253555,1.6797488927841187,1.116222858428955,-0.8473514914512634,0.019774161279201508,-1.7350300550460815,-0.7648582458496094,-0.5264800190925598,0.19195163249969482,0.040295567363500595,-0.527610719203949,-0.5130527019500732,-0.30022385716438293,-0.31756043434143066,0.4037747383117676,0.45698457956314087,-1.8986563682556152,-0.20381467044353485,0.011914815753698349,0.4670851230621338,0.7474879622459412,1.0868576765060425,0.1944868564605713,0.31321144104003906,-0.8319899439811707,-0.31418702006340027,1.7808548212051392,1.0784544944763184,0.5637994408607483,-1.1453025341033936,-0.6795400381088257,1.203163981437683,-0.7778945565223694,0.7838793992996216,-0.2867475748062134,1.3691734075546265,0.29315897822380066,0.7925891280174255,-0.962171196937561,-0.3581245541572571,1.0806854963302612,0.1837148517370224,-0.0312175489962101,-1.1855735778808594,0.8622093796730042,1.119588851928711,-2.5883400440216064,-0.9002194404602051,-0.09205739200115204,-0.3801669180393219,-0.6202194094657898,0.263945072889328,-1.0695558786392212,0.19606220722198486,-1.024414300918579,-1.1289490461349487,0.19686749577522278,-0.14301073551177979,-0.972181499004364,0.31957438588142395,1.1327600479125977,1.672135353088379,0.7961236238479614,-1.086226224899292,-1.5506868362426758,-1.1266121864318848,0.6841700673103333,-1.443734884262085,0.8369386792182922,0.37528231739997864,1.8081085681915283,1.6947890520095825,0.5568071007728577,-0.3297267556190491,0.6479011178016663,0.7359123826026917,-0.46289342641830444,1.7836635112762451,-0.12285984307527542,-0.9221596121788025,-0.6369327306747437,-1.354897141456604,-0.3908890187740326,-0.316211462020874,1.1665698289871216,-0.22009505331516266,-0.2733229994773865,-0.8323118090629578,-0.24820713698863983,2.6538751125335693,-0.4880812168121338,0.42807817459106445,0.5197045803070068,2.3125901222229004,-0.22478856146335602,-0.40159663558006287,-1.3990968465805054,-0.17973369359970093,0.49709928035736084,-0.7828401327133179,0.4967690110206604,-1.4600367546081543,0.03680318221449852,-0.08060469478368759,-1.8913953304290771,-1.010263204574585,-0.6086135506629944,0.2851721942424774,-0.8831681609153748,-0.08204725384712219,0.5438644886016846,-0.2720124423503876,-0.620051920413971,-1.1042639017105103,0.743330717086792,-0.5439167022705078,-1.5809836387634277,0.5742323994636536,-0.1908707469701767,-0.018861928954720497,0.27322840690612793,0.6769013404846191,1.1437225341796875,-0.8420295119285583,0.7553566694259644,2.774644374847412,2.6017534732818604,-1.4788943529129028,-0.09367965906858444,0.870586633682251,1.663318395614624,-0.16577379405498505,-0.28132402896881104,-0.042994435876607895,-0.896528422832489,-0.49855372309684753,0.19115053117275238,-0.9883020520210266,-0.2610451281070709,-0.5328978300094604,-0.5239992141723633,0.6538776159286499,-0.6856805086135864,0.6070907711982727,2.045335292816162,-0.71565842628479,-1.2885149717330933,-0.6417871117591858,0.1673661768436432,-0.644793689250946,0.20114964246749878,-1.5417014360427856,0.4905041456222534,-2.2639122009277344,-0.5772275924682617,2.122732400894165,-1.2671935558319092,0.48082199692726135,-0.09827001392841339,-0.603071928024292,0.46546921133995056,-0.5382857322692871
amazon-movies.csv,0.1507435142993927,1.39037024974823,0.23808293044567108,-1.414302945137024,-0.8241550922393799,-1.1986175775527954,0.7097088098526001,0.4974920451641083,1.0133254528045654,0.012379457242786884,0.4111122786998749,2.06596302986145,1.5050475597381592,-1.0308278799057007,0.11166843771934509,-1.554538369178772,-1.5211379528045654,0.4248564541339874,-1.2336920499801636,1.8293203115463257,0.9144207239151001,-0.21357135474681854,0.2249135822057724,-0.7427572011947632,-0.43833598494529724,0.8108261227607727,0.0815473273396492,-1.743627667427063,-0.38677358627319336,1.3692322969436646,1.0165315866470337,-1.1187535524368286,-0.11268991976976395,1.614572286605835,-1.425628423690796,-0.2750295400619507,1.8076496124267578,-1.363945484161377,-0.42165693640708923,0.5341147184371948,-0.3316558599472046,-1.6649326086044312,-1.2042168378829956,-1.1890347003936768,0.7435944080352783,0.9535747170448303,-2.0387091636657715,0.22117823362350464,-0.8236216306686401,0.8751901984214783,-0.2997237741947174,0.2452232837677002,0.1662244200706482,0.0017737223533913493,-0.6008933186531067,-0.6311122179031372,0.07712776213884354,0.9375183582305908,1.2692874670028687,-0.1571865677833557,-0.4733273684978485,-0.21462659537792206,-0.16279031336307526,0.09919679909944534,1.1652063131332397,0.34380415081977844,-0.7378864884376526,-1.5634275674819946,-0.6815847754478455,0.18808650970458984,-0.9264630079269409,-0.30726158618927,-0.8190926909446716,1.1812857389450073,0.357043594121933,-0.6626383066177368,-1.1810129880905151,0.15177854895591736,0.3504667580127716,0.7057350277900696,-0.6525797247886658,-1.8935482501983643,2.2306480407714844,-0.7896445989608765,-2.39087176322937,-0.035290904343128204,-0.41443851590156555,-0.5895496010780334,0.07752382010221481,0.37779736518859863,-0.8022019267082214,0.9839851260185242,-0.9396498799324036,-0.24175503849983215,0.6966791152954102,-0.8044096827507019,0.19714918732643127,0.08499690145254135,0.10913233458995819,-0.43748846650123596,-0.980772078037262,-0.285770058631897,-0.8973058462142944,-0.5165484547615051,1.8954954147338867,-0.15143752098083496,-0.757629930973053,-0.3171516954898834,1.050582766532898,1.0102452039718628,-0.5937687754631042,0.7045655250549316,-0.2832823693752289,1.2985013723373413,0.43568068742752075,2.208791971206665,-0.800523042678833,-1.5179078578948975,-0.8501172661781311,-1.251922607421875,0.3927198350429535,1.2231016159057617,0.5820103287696838,-0.3335910737514496,-0.7408625483512878,-1.54341459274292,-0.058147311210632324,0.8194162249565125,-1.0644019842147827,0.659498393535614,0.5636288523674011,1.8319286108016968,-2.2663211822509766,0.29929372668266296,-0.33294975757598877,-0.32793572545051575,-1.8502352237701416,-0.33012309670448303,-0.5527605414390564,-0.17138409614562988,1.114707589149475,-0.7340692281723022,-0.8394410014152527,0.1009087786078453,-0.5499618649482727,0.1612989455461502,-0.2779102921485901,0.4207680821418762,-1.0640732049942017,0.8922941088676453,-0.22918206453323364,-0.5528140664100647,1.015020728111267,-1.7852046489715576,-1.4705926179885864,0.46098780632019043,-0.07679127156734467,-0.4307194948196411,1.1983516216278076,1.1274256706237793,-0.004951822105795145,-0.8014771938323975,-0.26811808347702026,0.3269910514354706,1.6545121669769287,-2.4456441402435303,0.12446054816246033,0.3451153039932251,2.565026044845581,0.3565407693386078,-0.8551117777824402,-0.6918324828147888,-0.25803685188293457,0.0019898603204637766,0.09950876981019974,-0.5517472624778748,-0.09242840856313705,-1.921899676322937,-2.107548713684082,0.04748512804508209,-0.06865213066339493,0.3364463150501251,1.6323870420455933,0.18540187180042267,-0.32058703899383545,-2.0273261070251465,0.3938193619251251,-0.5107495188713074,0.4869559407234192,-2.1369714736938477,1.6871089935302734,-2.007105827331543,-0.025079160928726196,0.7035694122314453,-1.0680932998657227,0.5220785140991211,0.8125040531158447,1.3864129781723022,0.3556940257549286,-0.9802953600883484
amazon-garden.csv,-1.9053683280944824,0.9323557615280151,0.09115736931562424,-1.2854218482971191,0.14621688425540924,-0.18374508619308472,0.3053893446922302,-0.5911058187484741,-0.6156117916107178,-0.12624400854110718,-0.7108102440834045,-0.5779320597648621,0.4246520698070526,-0.8466925621032715,-0.5682260990142822,-1.5410910844802856,-1.6095248460769653,0.6017857193946838,-0.438606321811676,1.4882116317749023,1.7010424137115479,-1.6691042184829712,-0.2721615135669708,-0.9271475076675415,-0.2361062914133072,0.5884132385253906,-0.7849398255348206,-1.3591872453689575,-0.6302088499069214,-0.9310866594314575,0.870018482208252,-2.3660683631896973,-0.26680371165275574,1.4671521186828613,-1.6532477140426636,-1.4950361251831055,0.7321549654006958,-0.8935635685920715,0.7677928805351257,0.17979809641838074,0.07289806008338928,-0.06814182549715042,0.40984654426574707,-1.8165870904922485,-0.7638954520225525,0.6945448517799377,-1.0928512811660767,-0.47498708963394165,-0.6184903383255005,-1.0376877784729004,0.19579386711120605,-0.23934081196784973,0.05588680878281593,-0.3483709692955017,-1.513250708580017,-0.07287634164094925,-1.981139063835144,0.8392335772514343,1.0874505043029785,0.7362112402915955,0.9883998036384583,-0.10727836191654205,0.143438920378685,1.3510438203811646,0.837699830532074,-0.003306391416117549,-0.8835466504096985,-0.32338380813598633,0.28326889872550964,0.3710707128047943,-0.7068601846694946,0.04632691293954849,-0.35163336992263794,2.157501697540283,0.749841034412384,0.9894259572029114,-1.4726804494857788,-0.9877583980560303,0.2956673502922058,0.5502762794494629,0.25585392117500305,-1.5915738344192505,0.6277819871902466,-0.2843777537345886,-1.777179479598999,-0.5634483695030212,-0.4091009795665741,-0.9094871282577515,-1.4059572219848633,0.2563432455062866,-0.695512592792511,2.1673543453216553,-1.295907974243164,-0.1348227709531784,-0.17847108840942383,-1.1661251783370972,0.4227796196937561,-0.42493531107902527,0.4691297113895416,1.7587850093841553,-0.37301915884017944,-1.1078137159347534,-1.1369754076004028,-1.960976481437683,1.7503820657730103,0.31813445687294006,0.4360100030899048,0.5139283537864685,0.6685893535614014,1.1593284606933594,0.07209006696939468,0.36896464228630066,-0.1713029444217682,0.9250770807266235,-0.19548152387142181,0.9656315445899963,-0.23665787279605865,-0.8665752410888672,-0.174943208694458,-2.408470392227173,0.38415196537971497,0.4018697738647461,0.7804499268531799,1.0582733154296875,0.556149959564209,0.14310243725776672,-1.3185935020446777,1.163097858428955,0.037309806793928146,0.5420162081718445,1.1579917669296265,1.663483738899231,-1.2327152490615845,-0.4473628103733063,-1.9353713989257812,0.9040984511375427,-0.7624077796936035,-0.668153703212738,0.9363298416137695,-0.48214322328567505,0.21389678120613098,1.2162015438079834,-0.7640061378479004,-1.6013380289077759,0.7474413514137268,-0.7568872570991516,0.428583562374115,1.3053704500198364,0.960762083530426,-0.4191340208053589,-0.21382471919059753,-1.2073627710342407,0.9199475646018982,0.3129100799560547,-1.0981720685958862,-0.3179556429386139,-0.4227205216884613,-1.1993707418441772,-0.7166628241539001,1.274598240852356,0.3576769530773163,-2.1621639728546143,0.1332574337720871,2.1434574127197266,2.1281983852386475,-2.0189766883850098,-0.385036826133728,-0.08290255069732666,1.104892611503601,0.8513752818107605,0.5529435873031616,0.46573328971862793,-1.7153372764587402,-0.9067929983139038,0.6805073022842407,-0.04186837747693062,-0.28332918882369995,-0.07021976262331009,-0.9055580496788025,0.5800588130950928,-0.06254038959741592,-0.14795461297035217,1.4190469980239868,-0.4509527385234833,-0.9770059585571289,-1.7103450298309326,-0.5694171786308289,-1.4189858436584473,1.1989554166793823,-1.16750168800354,1.8780471086502075,-1.6483545303344727,0.5884125828742981,0.9889500737190247,-0.5863887071609497,1.2104142904281616,0.8327047824859619,0.799602210521698,-0.7443529367446899,-0.5616080164909363
amazon-health.csv,-1.89967679977417,0.03847009688615799,-1.1083887815475464,-0.9784088134765625,0.21128632128238678,0.34972622990608215,1.4433708190917969,1.1136173009872437,0.10581109672784805,0.5440055131912231,-0.6296904683113098,0.3675898313522339,0.10494557023048401,0.0022857310250401497,-0.14685392379760742,-0.48922279477119446,-0.10150709748268127,0.6246854066848755,-0.7816367149353027,0.8553755879402161,-0.23104853928089142,-0.9596841931343079,0.0893753245472908,-0.4228011667728424,-0.412832111120224,1.2491919994354248,-0.8658561706542969,-1.6741949319839478,1.513831377029419,-0.6966686844825745,0.9810055494308472,-0.6019507646560669,-0.5663678050041199,1.317102074623108,-1.077014684677124,-1.3479905128479004,2.211172103881836,0.24371567368507385,0.24155530333518982,1.1864771842956543,-0.2646389305591583,-1.0351719856262207,-0.15758821368217468,-1.626216173171997,-0.028812065720558167,0.9976034164428711,-1.4353225231170654,1.0239262580871582,-1.0195605754852295,-0.4232877492904663,-0.3764265775680542,1.0031182765960693,0.474591463804245,0.9427757859230042,-1.6010916233062744,-0.4577255845069885,-1.476094365119934,1.2902343273162842,2.3684232234954834,-0.00900497566908598,0.14669479429721832,0.5380124449729919,-0.8532155752182007,0.4298745393753052,1.7274113893508911,0.2716997563838959,1.2872158288955688,-2.171757459640503,0.2328685075044632,-0.5209047198295593,-1.0863665342330933,1.276267647743225,-0.08060330897569656,2.0547969341278076,0.3139897584915161,0.0691891685128212,-0.39968422055244446,-1.0983580350875854,-0.19081184267997742,1.762729525566101,-0.3479963541030884,-1.7411911487579346,1.2581069469451904,0.729718804359436,-2.0029091835021973,-0.18856428563594818,0.36727175116539,0.22526545822620392,-0.6293734908103943,0.7832745313644409,-1.0839791297912598,1.5638283491134644,-1.869043231010437,-1.0389518737792969,0.3587915897369385,-0.5369686484336853,0.7841687798500061,-0.4000152051448822,-0.10618139058351517,0.7007178664207458,0.6622256636619568,-0.5775154232978821,-1.4695335626602173,-0.942974328994751,1.6854881048202515,-0.8158239126205444,0.4488334059715271,-0.7268250584602356,0.6303772926330566,0.7593008875846863,-0.992927074432373,-0.019396431744098663,0.4445408880710602,0.8215555548667908,-0.9135295748710632,-0.013148050755262375,-0.7476215958595276,0.24212059378623962,0.44335129857063293,-1.1391420364379883,-0.6174548268318176,0.8687851428985596,0.26152536273002625,0.03413664177060127,0.2019888460636139,-0.8023504018783569,-1.1212679147720337,1.123550295829773,-1.3529949188232422,1.3090661764144897,0.5279344320297241,1.5219712257385254,-1.2080464363098145,-0.796849250793457,-0.8957074284553528,-0.41221165657043457,-0.7754904627799988,-0.09170658141374588,-0.7481845617294312,-0.16657587885856628,0.557386577129364,0.4903462827205658,-0.47980445623397827,-0.3038403391838074,0.5738773941993713,0.2774672508239746,0.35790783166885376,1.0079811811447144,-0.29011696577072144,-0.08527170121669769,-0.28423213958740234,0.16251888871192932,0.4765225946903229,-0.5902942419052124,-1.8432135581970215,0.7322688102722168,-1.1401249170303345,-0.7299431562423706,-0.5785806775093079,1.3843334913253784,0.34561681747436523,-1.1919676065444946,0.9350689053535461,2.099978446960449,2.5296740531921387,-2.0299949645996094,0.008033826015889645,0.35831519961357117,0.18798448145389557,-0.4974850118160248,-0.11523992568254471,0.08134809136390686,-2.0169451236724854,-0.5025119781494141,0.6512832045555115,-0.9007344841957092,-0.31771478056907654,-1.225809097290039,-0.6349489092826843,0.25701019167900085,0.0367044135928154,0.3258454203605652,1.8638675212860107,-0.5189752578735352,-0.796622633934021,-1.5806293487548828,-0.7554013729095459,-1.5169763565063477,0.3881561756134033,-1.9457041025161743,1.6050443649291992,-2.07002854347229,0.3836495876312256,2.1807701587677,-1.8058148622512817,0.4809597134590149,1.6157541275024414,0.1546829640865326,-1.0097317695617676,-1.1142470836639404
movielens_latest.csv,-0.7760758996009827,0.32652267813682556,-1.7268669605255127,-0.5318943858146667,-0.3251209855079651,-0.7131974101066589,2.1819889545440674,0.5458216667175293,-1.370866060256958,-0.3548777103424072,0.11221218854188919,2.541378974914551,0.37283918261528015,-1.110600233078003,-0.25460606813430786,-0.5725117921829224,0.33083635568618774,-0.18252912163734436,-0.9635618925094604,0.21626609563827515,0.6035529375076294,-0.28270477056503296,-0.12985847890377045,-0.1706404685974121,0.6239190697669983,2.014589786529541,-1.525041103363037,0.8360233306884766,0.3076739013195038,0.8342594504356384,0.6674801111221313,0.06862765550613403,-0.7695485353469849,0.6637139320373535,-2.1072781085968018,0.32640689611434937,-0.2511201500892639,0.505534827709198,1.317482352256775,0.12326477468013763,1.8081169128417969,-0.5794156789779663,-0.2887985408306122,-1.426539659500122,-0.8897877931594849,-0.973980724811554,0.3976132869720459,-0.1150532141327858,-1.133779525756836,0.2005719095468521,-0.8628429174423218,0.3883240222930908,-0.12167929857969284,0.9495472311973572,-0.3710971772670746,0.11062398552894592,-0.07532206177711487,0.2783421576023102,0.4575345814228058,-0.6203073263168335,0.8161559104919434,0.872684895992279,0.4974612891674042,0.2411651909351349,1.227825403213501,-0.1979144960641861,-0.6034718155860901,-1.3730276823043823,-1.4204154014587402,-0.39196011424064636,-0.005293676629662514,0.2480129599571228,0.8816437125205994,0.8988091945648193,1.1902704238891602,-0.5561609268188477,-0.8583359718322754,-0.006438111420720816,0.8961828351020813,1.598990797996521,-1.1629303693771362,-0.5662612915039062,0.3925737142562866,-0.41674911975860596,-0.006938403006643057,-1.6897670030593872,-0.34788861870765686,-1.0128426551818848,-0.3589261472225189,-0.23465527594089508,-0.12050822377204895,2.422609567642212,-0.5616878271102905,0.5290490984916687,0.18693028390407562,0.37576431035995483,-0.10130100697278976,-1.6861062049865723,-0.21073605120182037,1.4103679656982422,-0.9188070297241211,0.8710036277770996,-3.3905467987060547,-2.061230182647705,0.6291773319244385,0.10251450538635254,1.1585307121276855,0.9693007469177246,-0.7109464406967163,2.174506187438965,0.1280519813299179,0.8324530720710754,0.8872750997543335,0.4832667410373688,-0.32840496301651,0.8966557383537292,-0.37640663981437683,-0.3048502206802368,-1.5206935405731201,0.4420504868030548,0.9137308597564697,1.4194421768188477,-0.270345538854599,2.236880302429199,1.1012071371078491,0.20241807401180267,-1.7917966842651367,1.2389658689498901,-0.7846127152442932,0.40134379267692566,-0.16999775171279907,1.686237096786499,-0.5343665480613708,-0.6770899891853333,-0.6114019155502319,-0.34942808747291565,-1.0653648376464844,-0.37341150641441345,-0.2893443703651428,-0.12621892988681793,0.7863894104957581,-0.08586706221103668,-0.4356919825077057,-0.07644122838973999,-1.0516048669815063,-0.8770931363105774,1.2788981199264526,-0.31540748476982117,-0.2178146094083786,0.014996793121099472,-0.5017799735069275,-1.4066689014434814,-0.12153148651123047,0.36837589740753174,0.44375962018966675,-1.5818756818771362,-0.23818939924240112,-0.641319990158081,0.6127670407295227,0.40504616498947144,-0.17608778178691864,-1.759118914604187,1.0560266971588135,2.1117935180664062,2.5741565227508545,-1.8241558074951172,0.4682365953922272,1.0621213912963867,1.1547064781188965,0.8276475071907043,-0.28372231125831604,-2.4028568267822266,-0.4448283314704895,0.3837105631828308,0.278804212808609,0.1335880607366562,-0.69230055809021,-0.22685809433460236,-0.747323751449585,-0.7616339325904846,1.1600717306137085,0.640651524066925,0.6229128837585449,-1.3992558717727661,-2.4617185592651367,-0.9750420451164246,0.660979688167572,-1.0889531373977661,-0.06997347623109818,-2.1382243633270264,1.8056445121765137,-0.8061209321022034,1.123848795890808,0.04767391085624695,0.08974340558052063,0.8627211451530457,1.667680263519287,0.24956835806369781,-0.24329298734664917,-0.32363930344581604
amazon-automotive.csv,-0.9069410562515259,-0.5905700922012329,-0.13939975202083588,-1.8606666326522827,-0.6827391982078552,0.26762914657592773,1.1113168001174927,-0.4201855957508087,-0.901396632194519,-0.7036445140838623,-0.28491947054862976,0.9533713459968567,-0.06563104689121246,-1.2598178386688232,-1.2729251384735107,-0.06493984162807465,-0.7899996638298035,0.4776017963886261,-1.2500609159469604,1.4853243827819824,-0.7611085176467896,-0.08003835380077362,-0.2826901972293854,-1.0369542837142944,1.2478030920028687,1.6235275268554688,-1.9058917760849,-1.4348856210708618,-0.0946798324584961,-0.7304892539978027,0.9797554016113281,-2.044887065887451,-0.567091703414917,1.4934918880462646,-0.5037599802017212,-2.216499090194702,1.7005441188812256,-0.2728433310985565,0.1340109258890152,1.7553163766860962,0.6185604333877563,-1.4606539011001587,0.3465804159641266,-1.5890196561813354,-0.3796452581882477,0.46898433566093445,-0.2914811372756958,-0.3128630816936493,-1.0913100242614746,0.4637278914451599,-0.7114761471748352,-0.4796050786972046,-0.17131558060646057,-0.8154232501983643,-0.7969282865524292,-1.0218409299850464,0.5137990117073059,-0.13602064549922943,1.4753575325012207,0.06911180168390274,0.6971163749694824,0.5303369164466858,-0.4288884103298187,-1.1952170133590698,0.8300058841705322,0.34140366315841675,1.1420397758483887,-1.1563305854797363,-0.2633393704891205,0.4624527096748352,-1.2857043743133545,0.17823633551597595,0.4711816608905792,1.3064701557159424,0.0077573140151798725,1.3889751434326172,-1.8893007040023804,-1.047673225402832,-0.03726167604327202,0.29140183329582214,-1.3014249801635742,-1.385521650314331,0.9258842468261719,1.4358431100845337,-1.461492896080017,-1.0876532793045044,0.6766210198402405,0.29639843106269836,-0.5847341418266296,0.16855621337890625,0.11940029263496399,0.7823807597160339,0.13874806463718414,0.028567548841238022,1.1658837795257568,-2.320526123046875,-0.7089097499847412,1.396417260169983,-0.07775665819644928,1.910372018814087,0.45550838112831116,-0.8944816589355469,-0.7775259613990784,-1.4806817770004272,1.0804723501205444,-0.12710025906562805,-0.024694722145795822,0.0330081470310688,0.007202965207397938,1.8805023431777954,-0.5280924439430237,-1.1445008516311646,1.5637211799621582,1.3506858348846436,0.23154650628566742,1.985444188117981,0.24628931283950806,0.8134270310401917,-0.26900070905685425,-1.5578910112380981,0.5579748749732971,0.4238795042037964,0.12484868615865707,0.3208059072494507,0.9109865427017212,-0.09653159230947495,-0.5487210154533386,1.785623550415039,-0.9836314916610718,1.370406150817871,0.5239453315734863,2.53116512298584,-2.4450607299804688,-0.7783944010734558,0.8490623831748962,-1.1398340463638306,-0.2994520664215088,-0.2434440702199936,0.46744483709335327,-1.1075360774993896,0.8013072609901428,0.4558390974998474,-0.6983461976051331,-0.7368350625038147,0.12051795423030853,-0.38764724135398865,0.344168484210968,-0.11817492544651031,1.0568161010742188,1.3015434741973877,0.8274913430213928,-0.255099892616272,1.6611158847808838,-1.3372126817703247,-1.7826162576675415,-0.5957421660423279,0.3501121997833252,-0.787756085395813,-0.23427636921405792,1.6476178169250488,0.22845591604709625,-0.7960503697395325,-0.30601850152015686,2.22613787651062,2.651761054992676,-1.5066790580749512,0.7360745668411255,-1.3193597793579102,0.40547680854797363,-0.17200341820716858,1.029059886932373,0.1529916524887085,-1.6787900924682617,-0.2845310866832733,-0.11731132119894028,0.0496133454144001,0.9408615827560425,-1.0816535949707031,-0.6568176746368408,-0.32589927315711975,-0.1919354647397995,1.3159886598587036,0.8384944200515747,-1.121009349822998,-0.5377575755119324,-0.5275422930717468,-0.944648265838623,-0.4356441795825958,0.42793554067611694,-0.7784936428070068,0.16123653948307037,-1.4675593376159668,-0.8108983039855957,0.630640983581543,-1.0269255638122559,0.298065185546875,0.31825974583625793,0.31841984391212463,-0.5800745487213135,-0.1557501256465912
movielens20m.csv,-1.6345022916793823,0.9103506803512573,-1.3717771768569946,-2.346323013305664,0.1192854568362236,-0.13967013359069824,-0.18302229046821594,0.03747003152966499,-0.28113141655921936,-0.4282741844654083,-0.8590041399002075,1.9430689811706543,0.9102805852890015,-1.0293302536010742,0.653761625289917,0.13997264206409454,-0.22563675045967102,-0.5871896743774414,-0.3568793535232544,0.37921351194381714,0.018038339912891388,0.9780694246292114,0.06024356931447983,-0.43076902627944946,-0.7786260843276978,0.8514339327812195,-0.6023222804069519,-1.3541532754898071,1.373274564743042,0.6905640363693237,-0.4182802736759186,-2.727635383605957,0.1513308584690094,1.3166598081588745,-1.3412444591522217,-1.7842051982879639,1.387222170829773,0.28204062581062317,-0.5085306167602539,1.1352241039276123,0.7221035361289978,-0.7455027103424072,0.8262296319007874,-2.30592679977417,-0.22915863990783691,-0.9987945556640625,-1.0278713703155518,-0.576457142829895,-1.1527377367019653,-1.0701960325241089,-0.635012149810791,-0.5334495306015015,0.7693911790847778,1.265371561050415,-0.47739556431770325,0.08088956773281097,0.04293137043714523,0.5936279892921448,2.215188503265381,0.09696296602487564,-1.7270134687423706,0.3195383548736572,0.37360629439353943,0.986926794052124,0.5088779330253601,0.49078479409217834,-0.38816675543785095,-0.3835587501525879,-1.3687875270843506,0.07311496138572693,-1.917763590812683,0.25233903527259827,0.6274300813674927,0.585411548614502,1.4891067743301392,0.5828861594200134,-1.7799962759017944,-0.08438664674758911,-0.3022107779979706,0.9495978355407715,-0.9152162075042725,-2.509648084640503,0.6483331918716431,-0.2376652956008911,-0.913233757019043,-1.1421791315078735,-0.631186842918396,-0.8685810565948486,-0.06926145404577255,-0.4490639567375183,-0.5794826149940491,1.0750703811645508,-0.2409319281578064,-0.38495925068855286,0.44570955634117126,-2.3598368167877197,0.2090384066104889,-1.8126403093338013,0.19956879317760468,0.6410217881202698,0.35536131262779236,-0.8882712721824646,-1.0511163473129272,-1.9712626934051514,0.43523603677749634,-0.8679868578910828,0.5659200549125671,-0.5528551340103149,0.6439895033836365,1.4267886877059937,0.40388786792755127,0.005894273053854704,0.37787869572639465,0.7130682468414307,0.20829926431179047,1.224493145942688,0.0069191427901387215,-0.5093494653701782,-0.6302003264427185,-1.0387121438980103,-0.6120729446411133,0.4923250675201416,1.1506211757659912,0.717388391494751,0.39272433519363403,-1.5298092365264893,-1.1730411052703857,-0.2543680965900421,-0.09230588376522064,3.1628148555755615,0.4766942858695984,0.6074454188346863,-1.529414415359497,-0.004243806470185518,-1.7979967594146729,-0.5372763276100159,-0.16055355966091156,-1.1117805242538452,0.685954213142395,-1.149214506149292,0.32301661372184753,-0.4873160719871521,-2.035536050796509,1.327705979347229,-0.801751434803009,0.7086312174797058,0.5865376591682434,-1.29818594455719,0.17273670434951782,0.05031026899814606,-1.6483899354934692,0.6945583820343018,1.7996827363967896,-0.6250010132789612,-0.6493820548057556,0.21000482141971588,-0.5756023526191711,-0.5778740048408508,0.47210362553596497,-0.5325241684913635,-0.6835620999336243,-0.5471426844596863,0.2903679311275482,1.3083871603012085,2.357508897781372,-2.200129508972168,0.3841118812561035,0.8202515244483948,0.7466273903846741,0.4803553521633148,-0.6403286457061768,0.3668716549873352,-1.2371602058410645,-0.1392253041267395,0.7669036388397217,0.5231044888496399,0.9841827154159546,0.2145850956439972,-0.5762355327606201,0.6975466012954712,-0.15090006589889526,1.03847074508667,1.040553092956543,-1.1100572347640991,-1.0309922695159912,-1.1879942417144775,0.19826512038707733,0.5442895293235779,-0.4896826148033142,-0.8362625241279602,1.094071388244629,-2.0831141471862793,0.09475189447402954,0.9861288666725159,-1.3671982288360596,-0.1669866144657135,1.6163058280944824,-0.2541196942329407,0.1812349259853363,0.11172666400671005
jester2.csv,-0.7147506475448608,-0.23864492774009705,-1.19491446018219,-0.8609144687652588,-0.8029977083206177,0.01920592226088047,0.5144317746162415,-0.4629136919975281,0.023494863882660866,-1.1325758695602417,-0.7167688012123108,1.4136699438095093,1.381788730621338,-0.23918366432189941,-0.83465975522995,-0.16295062005519867,-0.30608251690864563,1.1377956867218018,-0.17694100737571716,0.5586028099060059,-0.30319514870643616,-0.6600645184516907,0.7871327996253967,-1.0569864511489868,0.7510293126106262,1.2000659704208374,0.9899850487709045,-0.5565305948257446,-0.8136234283447266,1.8481806516647339,1.571468710899353,-1.591360330581665,-0.3350679874420166,1.9988068342208862,-0.7364611029624939,0.28894466161727905,2.2278754711151123,0.3437157869338989,0.10808246582746506,1.1902234554290771,1.2150553464889526,0.0893966555595398,0.5462250709533691,-2.2289767265319824,-0.10755649954080582,0.7971943616867065,0.4226706922054291,0.7756968140602112,-1.0259580612182617,0.3721107244491577,-0.891676664352417,0.2133064866065979,0.7915347814559937,-0.17490141093730927,-0.17402005195617676,-0.13895805180072784,-1.186139464378357,0.793330192565918,1.7078794240951538,0.5850206017494202,1.226064682006836,0.8964344263076782,0.03857676684856415,0.24002209305763245,0.3292977809906006,1.0287119150161743,-0.31702378392219543,0.3035751283168793,-0.4464828372001648,-0.172256737947464,-1.941049575805664,0.15170614421367645,0.6048101186752319,0.5923497676849365,0.8097438812255859,-2.001270055770874,-0.5959422588348389,0.49131307005882263,1.5657604932785034,0.7824225425720215,-0.8886091709136963,-0.44335517287254333,-0.3808940052986145,0.878788411617279,-0.887661874294281,-0.4028457999229431,-0.42445072531700134,0.8384470343589783,0.2628549337387085,-0.4010888636112213,0.013738946057856083,1.3895834684371948,-1.7209259271621704,-1.6648390293121338,0.052128829061985016,-0.4663184881210327,-0.7101827263832092,1.0538643598556519,-0.6612606644630432,1.215356707572937,1.002880573272705,0.7185475826263428,-2.4360735416412354,-2.162945032119751,1.6650278568267822,-0.5364502668380737,0.26198962330818176,-0.2775188386440277,0.0377795584499836,0.6404674649238586,0.5409889221191406,0.44837239384651184,0.5399023294448853,1.8289129734039307,1.704453468322754,1.9515666961669922,-1.473075270652771,-1.0690377950668335,-0.7616111040115356,-1.5854352712631226,0.6725310683250427,-0.2559102177619934,0.9634603261947632,0.7513086795806885,0.039311397820711136,-1.3399397134780884,-0.232744500041008,-0.1644616425037384,-0.6947411298751831,2.0634543895721436,0.5224778652191162,0.76935213804245,-1.8881064653396606,-0.7112834453582764,0.4967902898788452,-0.07217149436473846,-0.5405071973800659,-0.5328696370124817,0.4319574534893036,-0.7805988192558289,0.6413692235946655,0.6019520163536072,-0.02481701225042343,-1.2124923467636108,-0.2383834719657898,-0.5195435881614685,0.7334346175193787,0.2314092069864273,-0.24974283576011658,1.4576228857040405,0.32229629158973694,0.8815045952796936,1.2142326831817627,-0.463729590177536,-2.2066493034362793,-0.37988370656967163,0.255404531955719,0.7750751376152039,1.7228668928146362,-0.1656404435634613,0.11416679620742798,-0.869972825050354,0.2767568826675415,2.1570627689361572,2.4586668014526367,-1.6762388944625854,-0.341791033744812,0.5339677333831787,0.3162670433521271,-0.176615372300148,0.8007780909538269,-0.49781137704849243,-1.4098689556121826,-0.08515485376119614,0.6748402118682861,0.1472029834985733,-1.2627259492874146,-0.18696917593479156,-1.1056807041168213,0.4945010542869568,-0.12073307484388351,0.8208475708961487,1.1822787523269653,-1.444237232208252,-0.4661140739917755,-1.2750474214553833,-0.012640171684324741,0.22874203324317932,-0.5668172240257263,-0.7587018609046936,2.286376714706421,-1.3085905313491821,0.18851760029792786,1.897897720336914,-0.6197494268417358,1.1734360456466675,2.7354576587677,-0.2795628607273102,0.435756653547287,-0.6924291849136353
amazon-clothes.csv,-1.3199667930603027,1.0210176706314087,-0.6481764912605286,-0.726266086101532,0.14320923388004303,-0.0509309284389019,1.7165277004241943,-0.07780656218528748,-0.9220235347747803,-0.04066889360547066,-0.5684128403663635,0.0516350120306015,0.04613637924194336,-0.09841087460517883,-0.636080265045166,-0.21746909618377686,-0.3617541491985321,0.427132785320282,-0.7188548445701599,0.6164805293083191,0.527668297290802,-1.416717290878296,-0.8752784729003906,-0.006362022832036018,-0.3771823048591614,2.1081926822662354,-1.2074589729309082,-1.1740719079971313,-0.24630650877952576,-0.9113282561302185,0.2293582707643509,-0.44960644841194153,-0.7315095067024231,2.161146402359009,-1.661769151687622,-1.3689188957214355,1.1031904220581055,-0.40156668424606323,1.0331077575683594,0.9325821399688721,1.1208311319351196,-0.6448599696159363,0.6398352980613708,-1.40201735496521,-1.2294989824295044,0.5479706525802612,-0.8365198373794556,0.24521894752979279,-1.6223922967910767,-0.3279343843460083,-0.7513030171394348,-0.4226428270339966,0.6570268273353577,-0.2800338864326477,-1.273850679397583,0.7456419467926025,-0.24317176640033722,-0.468612402677536,1.0106830596923828,0.6480671167373657,0.8834141492843628,-0.05121755972504616,0.16928166151046753,0.2610504925251007,0.9731632471084595,0.8096757531166077,-0.04793005809187889,-0.8490764498710632,0.5430212616920471,-0.05540423095226288,-1.3356132507324219,-0.05140954256057739,0.34127944707870483,2.379504680633545,0.7280386686325073,1.0532630681991577,-1.2877044677734375,-0.7071019411087036,-0.2445867359638214,0.7719619870185852,0.4782451093196869,-1.5354479551315308,1.935150146484375,0.6788097023963928,-1.017028570175171,-1.187480092048645,-0.4095950424671173,-1.5381524562835693,0.21728003025054932,-0.7030032873153687,-0.7931827902793884,0.848511278629303,-1.097273349761963,-1.2434642314910889,1.2893868684768677,-1.3089511394500732,0.09838330745697021,0.3959234356880188,1.197037696838379,0.8681080341339111,0.40754297375679016,-1.0721285343170166,-2.1447620391845703,-1.979798436164856,1.2077393531799316,0.04843446612358093,0.4961649179458618,0.07988009601831436,0.7192855477333069,1.225014567375183,-0.4918106496334076,-1.1685792207717896,0.20092733204364777,1.5811823606491089,0.16799180209636688,1.6921260356903076,-0.37651774287223816,-1.6747541427612305,0.03239383548498154,-1.6427947282791138,0.19157062470912933,-0.6559481024742126,0.4697062075138092,0.6282543540000916,-0.35487690567970276,-0.5052928924560547,-0.9942073225975037,1.5436657667160034,-1.6905359029769897,1.8571785688400269,1.0512957572937012,2.6141529083251953,-2.2761707305908203,-1.6653602123260498,-0.5328099131584167,-0.6131871938705444,-0.1965857893228531,-0.08544396609067917,0.2560215890407562,-0.2571358382701874,-0.3317313492298126,0.08395817875862122,-0.5066397190093994,-0.6965546607971191,-0.027710331603884697,-0.7600415349006653,0.440323144197464,-0.6391605138778687,0.5462155342102051,-0.22088319063186646,0.49918439984321594,-0.2351173311471939,2.566037654876709,-0.21688728034496307,-1.6322853565216064,0.38166919350624084,-0.2691980302333832,-0.7835978865623474,-0.7444692850112915,1.9175280332565308,0.9551131725311279,-2.4583523273468018,0.31806883215904236,2.6863720417022705,1.8340203762054443,-1.6475762128829956,0.2796134054660797,0.42706891894340515,1.1913825273513794,0.3629935681819916,0.7038478255271912,-0.017909588292241096,-1.3921380043029785,-0.5786887407302856,-0.2816855013370514,-1.0271663665771484,0.23003119230270386,-0.10854267328977585,-0.8945091962814331,0.6026540994644165,-1.239598035812378,0.13358499109745026,2.0171456336975098,-0.6477873921394348,-0.5298926830291748,0.030432365834712982,0.021519113332033157,-1.071885585784912,0.10940387099981308,-0.7617868185043335,0.08492579311132431,-1.2630656957626343,-0.8818486928939819,1.4034438133239746,-0.043051715940237045,0.7749921679496765,0.5669400095939636,0.1356266438961029,-1.0612479448318481,-0.7320166230201721
amazon-baby.csv,-0.5131050944328308,0.9652342200279236,-0.7277947664260864,-1.3931808471679688,-1.0374341011047363,0.325504869222641,1.0304052829742432,-1.5834101438522339,0.27187949419021606,0.7004970908164978,-0.31218311190605164,0.6086145043373108,-0.02240431122481823,-1.901943325996399,-0.6716620922088623,-0.09869883954524994,0.3600271940231323,1.1980304718017578,-2.0033280849456787,0.47689563035964966,-0.38827967643737793,0.35951125621795654,0.08025629818439484,-0.7084207534790039,0.513863205909729,0.3019937574863434,-2.346834182739258,-0.4765789210796356,0.8011446595191956,-1.3925102949142456,-0.24902845919132233,-1.6532896757125854,0.115040123462677,1.8423566818237305,-1.1617023944854736,-1.529495358467102,0.9305568933486938,0.1434781402349472,0.24682357907295227,0.6510607600212097,0.3424356281757355,-0.5956496596336365,-0.26583781838417053,-1.7449535131454468,-1.1283726692199707,0.3107784688472748,-0.19989801943302155,0.11624177545309067,-0.566673994064331,-1.2271831035614014,-0.433944970369339,-1.6396325826644897,0.8352774977684021,0.5218720436096191,-0.5286890864372253,-0.43187472224235535,-0.8564478754997253,0.2874630093574524,1.2484652996063232,0.6165832877159119,0.4459528923034668,0.9554962515830994,-1.9802348613739014,-1.487250804901123,0.38979804515838623,0.5835523009300232,0.34849366545677185,-0.8163448572158813,-0.31479883193969727,0.2503841519355774,-1.1488230228424072,-0.0551995113492012,0.5948257446289062,0.13847409188747406,-0.08793085813522339,0.9872551560401917,-1.8321861028671265,-0.6474205851554871,0.7666733264923096,0.7133786082267761,0.8585827350616455,-1.818646788597107,0.8882269859313965,0.9165109395980835,-1.8988618850708008,-0.6300719976425171,0.12242221087217331,-0.37083011865615845,-1.025416612625122,0.11061552166938782,-0.42255887389183044,2.703523635864258,-0.9987041354179382,-0.9093766212463379,0.3304128050804138,-0.6843480467796326,-0.2785324454307556,1.5917937755584717,-0.670215904712677,1.8307795524597168,0.8476545214653015,-0.4213239252567291,-1.3700575828552246,-1.1277419328689575,1.5097416639328003,0.842837393283844,-0.25939372181892395,-0.084702268242836,0.3187752962112427,0.7499496340751648,-0.06659584492444992,-1.2568236589431763,1.0665173530578613,1.0541492700576782,-0.730602502822876,0.3288746178150177,-0.7093151211738586,-0.4360094964504242,-0.2504614293575287,-1.1991984844207764,0.6110779643058777,-0.22775891423225403,0.05901900306344032,0.37719935178756714,0.783936619758606,-0.397752970457077,-0.3084794282913208,-0.3382634222507477,0.8081750869750977,1.486754059791565,1.3601332902908325,2.499589443206787,-2.032900810241699,-0.5064201354980469,-0.7163729071617126,0.1054718941450119,0.517111599445343,-0.030055593699216843,-0.2744584381580353,-1.360244631767273,-0.17040680348873138,0.6267324090003967,-0.7192345857620239,-0.6075361967086792,-0.7064396739006042,-0.14980511367321014,1.1760956048965454,0.09118521213531494,0.4262237846851349,-0.15949983894824982,-0.830431342124939,-1.2460287809371948,0.6097267866134644,0.2916841208934784,-2.3585104942321777,-0.17990492284297943,-0.29999253153800964,-1.5163047313690186,1.1139558553695679,1.8631160259246826,0.11493540555238724,-0.06124301627278328,0.4926394522190094,2.138716697692871,2.159696578979492,-1.509816288948059,-0.5441235899925232,0.4290767312049866,0.44267264008522034,-0.3814122676849365,0.7526497840881348,-0.8099756836891174,-0.6871134042739868,-1.4429296255111694,0.9800024628639221,-1.2441498041152954,-1.2935597896575928,-0.27802205085754395,-0.6412795186042786,0.46548688411712646,-1.1795072555541992,0.23588503897190094,2.4984331130981445,-0.11978726834058762,-0.9726969003677368,-0.46386364102363586,0.534428060054779,-1.340537667274475,-1.0418421030044556,-0.5831325054168701,1.0876814126968384,-2.9084789752960205,-1.0123896598815918,1.4023237228393555,-1.0695021152496338,0.7557595372200012,1.0623672008514404,0.21990704536437988,-0.33964985609054565,-0.6644042134284973
amazon-cd.csv,-1.116135597229004,0.3686691224575043,-0.43209099769592285,-1.9220247268676758,-0.822999119758606,0.10593005269765854,1.108771800994873,-0.03270939365029335,-0.5356544852256775,0.34680265188217163,-0.2957513928413391,1.4550397396087646,0.8663629293441772,0.044528741389513016,0.5709440112113953,0.3069738447666168,-0.5217417478561401,1.003433108329773,0.44399383664131165,0.9601984024047852,1.314374566078186,0.554532527923584,0.7743771076202393,-0.08982779830694199,1.9820201396942139,1.8139667510986328,-1.1466338634490967,-1.4258782863616943,-0.16301698982715607,-0.2014370560646057,0.6735015511512756,-1.093656063079834,1.2206871509552002,2.2543869018554688,-1.5287443399429321,-0.9303308129310608,1.344559907913208,-1.1239283084869385,-0.37032201886177063,2.097566604614258,0.7612749338150024,-0.7453473806381226,-0.5815689563751221,-1.502683401107788,-0.5349449515342712,1.4074654579162598,-0.603976845741272,0.22738651931285858,-0.2924026846885681,-0.37708795070648193,-1.5555095672607422,-0.15089353919029236,1.000423789024353,0.08495888113975525,-0.45947569608688354,-0.11523973196744919,-0.09350406378507614,0.9980086088180542,1.7743083238601685,-0.7702248096466064,1.7944860458374023,0.6708881258964539,-0.8664497137069702,0.7550990581512451,1.3105731010437012,0.06337307393550873,0.3277896046638489,-1.7919241189956665,-0.608098030090332,-0.09042059630155563,-0.5991584658622742,1.0118464231491089,-0.7115366458892822,1.836114525794983,1.031004548072815,0.8429763317108154,-1.843653678894043,-0.8322169184684753,0.24262912571430206,1.76765775680542,-0.8578670620918274,-0.8334138989448547,0.2525329291820526,1.1995769739151,-1.4039080142974854,-1.1104522943496704,-0.2947649359703064,-0.10261580348014832,-0.22187909483909607,1.130782127380371,-0.2772095203399658,1.1413239240646362,-1.947270393371582,0.44432520866394043,-0.23906654119491577,-0.550004243850708,-0.29756131768226624,-0.2911057472229004,0.23844675719738007,1.6690001487731934,0.04149384796619415,0.7672752737998962,-1.9150434732437134,-1.5701931715011597,0.7027876377105713,-1.5238542556762695,-1.013656735420227,-1.1692854166030884,-0.08877889811992645,1.1479288339614868,-0.08459508419036865,-0.5429222583770752,-0.23108413815498352,0.6637371182441711,-0.5425926446914673,1.085748314857483,0.11631172150373459,-0.3485569357872009,-0.46104538440704346,-1.18123197555542,0.44901522994041443,0.32840174436569214,-0.5356513261795044,-0.09345799684524536,1.4381005764007568,-1.1360387802124023,-0.7334572672843933,1.1107075214385986,-0.5045027136802673,0.8954174518585205,0.212782621383667,1.432076334953308,-2.43000864982605,-0.7195005416870117,-0.3777018189430237,-1.048683762550354,-1.0184041261672974,-1.2550047636032104,-0.4095759987831116,-0.16180020570755005,0.14996188879013062,-1.5263473987579346,-0.8117491602897644,-0.6885858178138733,-0.09879271686077118,0.5980715751647949,0.06994998455047607,0.7809106707572937,-1.103996992111206,-1.04594087600708,0.5613119006156921,0.5657751560211182,1.1913686990737915,0.17937219142913818,-1.1607781648635864,0.5489973425865173,-1.0414354801177979,-0.5632960796356201,1.635604977607727,1.4060055017471313,0.7562954425811768,-0.626175582408905,0.1720263510942459,2.395209789276123,1.8802306652069092,-2.15032696723938,-0.9811201691627502,0.5132085680961609,0.05939055606722832,-0.19137795269489288,-0.6244544386863708,0.7619834542274475,-1.5820319652557373,-0.18360379338264465,-0.26978233456611633,-1.5318596363067627,-0.250966340303421,-0.13577859103679657,-0.9490481615066528,1.0686813592910767,1.1179157495498657,1.2579450607299805,1.3983296155929565,0.1420220285654068,-0.3775206208229065,-1.6030168533325195,-0.6198972463607788,-0.7186295390129089,0.6704069972038269,-2.14129376411438,0.45114564895629883,0.2647949457168579,0.09425753355026245,0.8354715704917908,-2.2241480350494385,-0.2029723972082138,0.2626609802246094,0.4400041103363037,1.0337718725204468,-0.27460411190986633
movielens10m.csv,-0.5617352724075317,-0.8790629506111145,-1.467975378036499,-0.7140796780586243,0.5922212600708008,-0.03439286723732948,0.7237119674682617,-0.0654543861746788,0.4242045283317566,-0.982671856880188,-0.2589977979660034,2.006075620651245,0.24934424459934235,-0.5813297033309937,-0.1289951652288437,-0.19622652232646942,-0.19016589224338531,0.31062209606170654,-0.3051605522632599,0.41776183247566223,0.8508684635162354,0.36839568614959717,-1.0222219228744507,0.02996874414384365,1.6736268997192383,1.9284461736679077,0.5881308913230896,-0.9000744819641113,-0.007943895645439625,0.9583749175071716,1.0459578037261963,-1.3920319080352783,-0.1408427208662033,0.8798426985740662,-0.8528211712837219,0.06049807369709015,1.4535576105117798,-0.01643694005906582,-0.08865786343812943,0.9511597752571106,0.017480673268437386,0.3643319308757782,-1.3949999809265137,-2.0409529209136963,-1.1435197591781616,-0.3713124096393585,0.3072321116924286,1.377118468284607,0.9359801411628723,0.0016225106082856655,-1.588321328163147,-0.038077570497989655,0.699066698551178,-0.7609652280807495,-0.7636275887489319,-1.8317822217941284,1.1278600692749023,-0.11310852319002151,0.8537892699241638,0.7817515730857849,0.9052966237068176,0.6574644446372986,-0.8943829536437988,-0.0016425845678895712,0.6710746884346008,0.1348559558391571,-0.32105615735054016,-1.2412350177764893,-0.5745816230773926,-0.5246405005455017,-0.4654700756072998,-0.27768436074256897,0.2630377411842346,2.8994719982147217,0.42789068818092346,-1.4148544073104858,-2.314876079559326,0.8389623761177063,2.0138254165649414,1.7117961645126343,-0.04032529518008232,-0.3213760554790497,0.19988568127155304,0.6475827693939209,-1.8526326417922974,-0.5652793645858765,0.51734858751297,-0.7761112451553345,-1.3246499300003052,-0.06489401310682297,-0.3580121099948883,1.812592625617981,0.310907244682312,-1.24552321434021,1.5488635301589966,-1.681109070777893,1.380555272102356,0.4007687270641327,-0.8691737651824951,0.7410317659378052,0.824941098690033,-1.2936450242996216,-0.22448968887329102,-1.841224193572998,0.38603702187538147,-0.5059090852737427,0.5595262050628662,0.11962614208459854,-0.43767988681793213,1.3204416036605835,1.4649062156677246,-0.415151983499527,-1.0959891080856323,2.5022192001342773,-0.6810619235038757,1.13625967502594,-0.1545882523059845,-1.5794260501861572,1.5032371282577515,-0.6268787384033203,0.7526764869689941,1.281067132949829,0.16275818645954132,0.4849979877471924,1.0351263284683228,-0.7657880783081055,-1.0388946533203125,1.065648078918457,-0.31026142835617065,1.3042969703674316,1.0677794218063354,0.6806030869483948,-0.31629106402397156,-0.7047708630561829,-0.14444568753242493,1.2193355560302734,-0.10040335357189178,-0.8487122058868408,0.5949398875236511,-1.246805191040039,0.6679251790046692,0.688854992389679,-0.3979923725128174,-0.41609808802604675,-1.5871638059616089,-0.13206996023654938,0.7395312190055847,-1.1865825653076172,0.41920173168182373,0.4287099540233612,1.2843374013900757,0.38333553075790405,1.6015397310256958,-0.7019376158714294,-2.495572328567505,-0.8283659219741821,-0.09938808530569077,-0.2541562020778656,0.26235440373420715,0.017646919935941696,0.19312597811222076,-0.35911086201667786,0.36675164103507996,2.0756261348724365,2.346623420715332,-1.9597464799880981,0.0037979870103299618,0.4927850067615509,0.779167890548706,0.8585414886474609,-0.33621618151664734,-0.6077145338058472,0.10435010492801666,-1.7920829057693481,-0.3575398325920105,0.5016723871231079,0.3508569300174713,-0.12359157204627991,-1.5906718969345093,0.83335942029953,-0.8324809670448303,0.28985440731048584,2.19685697555542,-0.060042399913072586,0.0016300503630191088,-1.7210174798965454,-0.5034139752388,-0.8313562273979187,-0.9281376004219055,-0.46489018201828003,2.059440851211548,-0.5528040528297424,0.37364092469215393,1.1390241384506226,-0.6769670248031616,-1.5732449293136597,0.37180307507514954,-0.44833335280418396,-0.0259772427380085,0.7716764211654663
amazon-games.csv,-0.8576037287712097,-0.09243492782115936,-0.3497972786426544,-0.742809534072876,-0.12919509410858154,-0.10034632682800293,1.5516126155853271,1.064195990562439,-0.4674011468887329,-0.8174964189529419,-0.8696346879005432,0.8036702275276184,0.21612127125263214,-0.9468722343444824,-0.994714617729187,-1.4835693836212158,-0.009203116409480572,0.6937249898910522,-1.318329930305481,0.9316771626472473,-1.0028281211853027,-0.08108478784561157,0.03872666880488396,0.28437340259552,0.0965600311756134,0.4753192663192749,-0.9895185828208923,-1.1218461990356445,1.2399506568908691,-1.166355848312378,0.4220610558986664,-1.2175267934799194,-0.8993185758590698,1.0532745122909546,-0.5286217927932739,-0.8183106184005737,2.278546094894409,-0.1010046899318695,0.7078025937080383,0.7731873393058777,-0.3409731090068817,-1.6913576126098633,0.14532329142093658,-1.0584347248077393,0.38889336585998535,0.6900864839553833,-0.694523811340332,0.3683866560459137,-1.5202748775482178,0.15927621722221375,-1.2885675430297852,0.34805169701576233,0.38396427035331726,0.928363025188446,-1.1379473209381104,-0.8553105592727661,-0.3554001748561859,1.0068904161453247,1.8133052587509155,0.9613787531852722,1.5420827865600586,0.8195143938064575,0.08767592161893845,-0.1914275735616684,0.9077046513557434,0.6545184254646301,0.5029494166374207,-2.3248095512390137,-0.3158458173274994,-0.23909959197044373,-1.5126162767410278,0.13211116194725037,0.47849416732788086,1.0755409002304077,1.1636930704116821,1.480875015258789,-1.8863918781280518,-1.4707707166671753,0.4686790406703949,1.7379186153411865,-1.0488085746765137,-1.525820255279541,0.4739236831665039,1.388275384902954,-1.7563508749008179,-0.5204473733901978,0.42220205068588257,-0.7952724099159241,-1.193989872932434,0.22531470656394958,-0.3143267333507538,1.558012843132019,-1.7700729370117188,-0.7384989261627197,1.1486384868621826,-1.1793668270111084,0.26275181770324707,0.5142494440078735,0.11244314163923264,2.346350908279419,1.1798795461654663,-0.4482722580432892,-1.9681611061096191,-0.7678624987602234,1.034026861190796,0.3000273108482361,0.47725462913513184,-0.6256463527679443,0.010760698467493057,1.362297534942627,-0.8559985160827637,-1.6908425092697144,1.1475849151611328,1.1068135499954224,-0.5853782892227173,1.824913740158081,-1.203051209449768,-0.6847448945045471,1.042687177658081,-1.681702971458435,-0.19666606187820435,-0.515103816986084,0.20586653053760529,1.054157018661499,0.437919557094574,-0.7943174242973328,-1.0625017881393433,0.9891249537467957,-1.2226306200027466,2.6170709133148193,0.307500958442688,2.7185745239257812,-1.5819921493530273,-0.9803398251533508,-0.8533437252044678,-0.24756544828414917,0.12029284238815308,-0.163518026471138,-0.1619287133216858,-1.0544847249984741,0.010609738528728485,0.9883796572685242,-0.3503204584121704,0.018644096329808235,-0.5029374957084656,0.19849762320518494,0.6590476036071777,0.9193394780158997,0.10869871079921722,0.19852609932422638,0.6062182784080505,-0.2673027813434601,1.0727757215499878,-0.6331608295440674,-0.8305552005767822,-0.1264607310295105,-0.2571224868297577,-1.8019262552261353,0.4684543013572693,1.295765995979309,0.003136297222226858,-1.1592504978179932,0.4636921286582947,0.9608169198036194,2.411635398864746,-2.2054855823516846,0.5132001638412476,-0.04214868322014809,0.6450910568237305,0.14761163294315338,-0.3374754786491394,0.23419851064682007,-1.0335071086883545,-0.3679005205631256,-0.057564251124858856,-0.502866804599762,0.6623142957687378,-1.0052763223648071,-0.7279423475265503,0.7452690601348877,-0.025260239839553833,0.7492620348930359,0.7752758264541626,-0.7305856943130493,-0.1924537867307663,-0.5217986702919006,-1.0457100868225098,-1.6475880146026611,0.14582306146621704,-0.3778683543205261,1.7188711166381836,-1.5085216760635376,0.6750017404556274,0.6501489281654358,-1.9177272319793701,1.0779272317886353,0.16184847056865692,0.0501721017062664,-1.0539600849151611,-0.5358045101165771
yahoo-movies.csv,-0.4010733664035797,0.07196357846260071,-0.12622836232185364,-2.107757329940796,-0.9472682476043701,-0.2989789545536041,0.36503708362579346,-0.08921683579683304,-1.4960002899169922,-0.5584523677825928,-0.007449599914252758,1.4710291624069214,0.37810689210891724,-0.8507513999938965,0.7457278370857239,-0.6527143120765686,-0.10578418523073196,0.30566874146461487,-1.9553886651992798,0.3243947923183441,0.9896071553230286,0.13899913430213928,-0.43068602681159973,0.1074342355132103,0.8727253675460815,1.0647833347320557,-0.2137119323015213,-0.2021646499633789,-0.485567182302475,-0.13643603026866913,0.2730010449886322,-1.4325989484786987,-0.05018800497055054,2.2726662158966064,-0.8427549004554749,-0.9244706630706787,0.4483877718448639,0.45579737424850464,-0.09620575606822968,2.236112117767334,0.11863472312688828,-0.29402679204940796,-0.07752165198326111,-1.0639605522155762,-0.503317654132843,-1.037675380706787,-0.6042245030403137,-0.011021565645933151,-0.37292516231536865,-0.1728230118751526,-0.32666534185409546,-0.37523895502090454,0.7303348779678345,0.4885583221912384,-0.26702407002449036,-0.4793173372745514,-0.6542763710021973,1.3654108047485352,0.7521743178367615,0.4844990372657776,1.4775681495666504,0.5588117241859436,-0.07726714760065079,1.0215877294540405,0.4762551486492157,-0.7342185974121094,0.3883657455444336,-0.8084856271743774,-0.5177439451217651,0.9380374550819397,-1.3986973762512207,0.5240041613578796,-0.159806489944458,1.9268348217010498,1.032265305519104,-0.3685322105884552,-2.739712953567505,-0.32426944375038147,0.03659949451684952,1.6416548490524292,0.11865616589784622,-1.532155156135559,-0.09082074463367462,1.4684001207351685,-1.659456729888916,-1.6961863040924072,-0.8321729898452759,0.18818166851997375,0.5325685739517212,0.558749258518219,0.24034427106380463,1.840599536895752,-1.955647349357605,-0.39760127663612366,-1.18893563747406,-1.7189674377441406,-0.15239642560482025,0.19240187108516693,-0.922228217124939,1.3690168857574463,0.3610648512840271,-1.3075135946273804,-2.349546432495117,-1.1358387470245361,2.7196595668792725,-1.2714444398880005,0.6041827201843262,0.08310341835021973,0.5180739760398865,1.305030345916748,-0.053526539355516434,-0.3853836953639984,0.04236532747745514,1.3543819189071655,-0.14154306054115295,1.1973817348480225,-0.5187287926673889,-0.20129694044589996,0.020238390192389488,-1.4881023168563843,0.09681274741888046,0.5857061743736267,-0.09888776391744614,1.3255144357681274,1.4958031177520752,-1.8755522966384888,-0.3341813087463379,0.8647434115409851,0.09287387877702713,1.0300201177597046,1.0338795185089111,2.167525053024292,-1.0769529342651367,-1.0050488710403442,0.21450386941432953,0.8894863128662109,-0.004396106116473675,-0.7362757325172424,0.410704642534256,-0.9134702086448669,0.6905103325843811,0.10701686143875122,-0.7830981016159058,-0.12584438920021057,-0.8119974732398987,0.16894100606441498,0.6362627148628235,1.218467354774475,0.1282532811164856,0.7095826268196106,-0.17768160998821259,-0.15238435566425323,0.6067161560058594,0.7115154266357422,-0.33233505487442017,0.10876160860061646,-0.17574137449264526,-1.189712405204773,0.9136425256729126,1.001147747039795,0.8384946584701538,-1.9634482860565186,-0.09604597091674805,1.8905025720596313,1.8858851194381714,-2.1167471408843994,0.5500090718269348,0.044416941702365875,1.0107065439224243,-0.134110689163208,0.09202126413583755,0.48173409700393677,-1.0309337377548218,0.5456715226173401,0.44130802154541016,0.08622845262289047,-0.8342776298522949,-0.5119967460632324,-1.8583019971847534,0.9627395868301392,-0.06822056323289871,-0.8572391867637634,1.5934356451034546,0.3685603439807892,-2.4616286754608154,-1.5679693222045898,0.3326527178287506,0.2949444353580475,-0.3165116012096405,-1.3227046728134155,2.204805850982666,-1.4163709878921509,-0.6234592795372009,0.3937912881374359,-1.0267869234085083,-0.38753336668014526,2.0775952339172363,0.031166478991508484,1.180659532546997,-1.0028300285339355
movietweetings_recsys2014.csv,-1.0287855863571167,0.6599571108818054,-1.1190341711044312,-1.7983546257019043,-0.9345196485519409,0.16521874070167542,-0.7191177606582642,-0.7465043663978577,-1.3727917671203613,-1.1886688470840454,0.3435947299003601,0.9942022562026978,1.1127878427505493,-0.9496179223060608,0.11119024455547333,0.06325052678585052,-0.707240879535675,-0.24778476357460022,-0.992567777633667,1.2436109781265259,0.9272909164428711,0.39859282970428467,0.19670811295509338,1.0744930505752563,0.7039591670036316,1.5135235786437988,-1.128953218460083,-0.20637747645378113,0.43508777022361755,0.6215875744819641,0.8020577430725098,-1.8063111305236816,0.7208580374717712,2.2163119316101074,-0.9344826936721802,-0.08364994823932648,2.3770978450775146,1.0842751264572144,0.818718433380127,2.2900636196136475,0.3737950325012207,-0.4121144711971283,0.739531934261322,-1.0440354347229004,-0.8843327760696411,-0.012229744344949722,-2.3801636695861816,-0.5030015707015991,0.04091741517186165,0.5734246969223022,-0.39465391635894775,-1.111088752746582,-0.26749539375305176,0.16259995102882385,-0.7831013798713684,-0.4601844251155853,-1.251029133796692,1.2132766246795654,1.8185460567474365,0.10271330177783966,0.9577078819274902,0.39728495478630066,-0.5913194417953491,-0.6764124631881714,-0.16874711215496063,0.6212659478187561,-0.3962602913379669,-1.474440097808838,-1.2640736103057861,-0.45937013626098633,-1.0950074195861816,1.1817091703414917,0.11468978971242905,0.7188751101493835,0.3012213110923767,1.2453932762145996,-1.3596009016036987,0.41354405879974365,0.8960146307945251,1.2866690158843994,1.1399747133255005,-1.7375410795211792,-0.3035626709461212,2.0367629528045654,-0.22790534794330597,-0.6746869683265686,-0.16938592493534088,-1.263217806816101,-0.739047646522522,1.194020390510559,-0.7017351388931274,1.1788395643234253,-0.6872674226760864,-0.5805287957191467,-0.14278455078601837,-1.179453730583191,1.1444053649902344,-1.1329008340835571,-0.3135036528110504,-0.26756954193115234,0.9975988268852234,-0.13299034535884857,-1.5656946897506714,-1.4549263715744019,0.7548258304595947,-0.34597671031951904,-1.0099239349365234,-0.39802971482276917,0.9728430509567261,-0.8052812814712524,-0.009028363972902298,0.14669331908226013,2.186807870864868,0.8307920694351196,-0.3671654164791107,1.2332004308700562,-0.9256985187530518,-1.3631261587142944,-0.8814210891723633,0.26356789469718933,0.6170129179954529,0.40573379397392273,0.0023262316826730967,1.8778074979782104,-0.3212077021598816,-0.7850707769393921,-0.918219804763794,0.552937924861908,-0.8817449808120728,1.6599469184875488,0.6298055052757263,0.40268048644065857,-1.2198822498321533,-1.2063227891921997,0.24087563157081604,-0.03592303395271301,0.27802664041519165,-0.8051803112030029,-0.45324331521987915,-1.411076307296753,-0.30383917689323425,0.35594868659973145,-0.5406826734542847,-0.25843843817710876,-0.8547182679176331,0.6006001234054565,-0.6053850650787354,1.3741798400878906,0.12522979080677032,0.5274348258972168,0.783076822757721,0.45906588435173035,0.9310681819915771,-0.28696444630622864,-2.1810426712036133,-1.617952823638916,0.8799672722816467,-1.16729736328125,0.5011594295501709,0.2058366984128952,0.21632008254528046,-1.1038966178894043,0.41100239753723145,0.7185187339782715,1.6144957542419434,-0.3280552327632904,-0.4063384234905243,0.5394267439842224,1.1492531299591064,0.07991430908441544,0.22387553751468658,-1.0027458667755127,-0.9147099852561951,-1.4329620599746704,-0.12498793751001358,-0.8526797294616699,0.14428335428237915,-0.3679949641227722,-1.0473012924194336,1.6991194486618042,1.2474263906478882,-0.13657407462596893,0.41490447521209717,-0.9502810835838318,-1.8601280450820923,-1.2068778276443481,-0.6120666265487671,-0.24396225810050964,-0.5329785346984863,-1.4249088764190674,2.7043418884277344,-2.8030831813812256,2.247866153717041,0.09380879998207092,-1.2488011121749878,0.11482982337474823,0.34638598561286926,0.2817022502422333,-0.07474208623170853,-0.7589560151100159
amazon-office.csv,-1.5099775791168213,0.7611082196235657,0.23204882442951202,-1.1518607139587402,-1.460234522819519,-1.4737321138381958,1.5741878747940063,-1.3394981622695923,-1.0648612976074219,-0.35487279295921326,-0.17392989993095398,0.5823763012886047,0.5919075608253479,-0.974051296710968,-1.169045329093933,0.325830340385437,-1.0982080698013306,0.4745122492313385,-0.8394032120704651,0.7306196689605713,0.27764278650283813,-0.3561321794986725,0.7974299788475037,0.16243112087249756,1.0940409898757935,2.3809990882873535,-0.9647248387336731,-1.0132116079330444,1.1260864734649658,0.32215702533721924,-0.21467190980911255,-1.3531155586242676,-0.7546433210372925,2.2774200439453125,-1.8354707956314087,-1.9338479042053223,1.27396559715271,-0.6989728212356567,-0.020144686102867126,1.2700450420379639,0.2758488357067108,0.026438267901539803,0.11631472408771515,-2.4380691051483154,-1.0638307332992554,0.614427387714386,-0.07268651574850082,-0.055172309279441833,-0.7319835424423218,-1.3306232690811157,-0.7245303988456726,-1.1776190996170044,-0.3131205141544342,-0.5092969536781311,-1.1125460863113403,-1.241234302520752,0.09122221916913986,0.8533441424369812,1.4222595691680908,1.1148028373718262,0.688378632068634,0.5025611519813538,-0.8507433533668518,-0.11418864876031876,0.9304606914520264,-0.6982495188713074,-0.28960829973220825,-1.5462608337402344,0.15244841575622559,0.3149421513080597,-1.5336209535598755,-0.03386417403817177,0.18382088840007782,0.19777177274227142,0.3895544409751892,0.7414637804031372,-2.490173101425171,-0.6640341281890869,0.1392059028148651,-0.4757883548736572,0.6911589503288269,-1.5518341064453125,0.6758973002433777,1.1569576263427734,-1.6436749696731567,-0.8787054419517517,-0.4632655680179596,-0.338431179523468,-0.3113613426685333,0.04721080884337425,-0.5284366607666016,2.3701677322387695,-0.6396887302398682,-0.270533949136734,1.0542728900909424,-0.03347397223114967,-0.1752879023551941,0.05649452283978462,0.6851674914360046,0.39686816930770874,0.12377844005823135,-0.5370379090309143,-1.5175782442092896,-0.9225001931190491,0.955525279045105,0.37196704745292664,-0.0926763191819191,-0.6206902861595154,0.2824358642101288,1.4910476207733154,-0.11638236045837402,-0.3121771812438965,0.7451046109199524,0.3405052125453949,0.6323356628417969,1.2078231573104858,-0.47258079051971436,-0.7032352685928345,0.017390431836247444,-2.0521199703216553,0.7404785752296448,-0.5298247933387756,0.654923677444458,0.8020252585411072,-0.39003419876098633,-0.5095285773277283,-0.2953413128852844,1.3903158903121948,-0.7130789160728455,1.560951828956604,0.9525373578071594,1.6075282096862793,-2.25480318069458,-0.8055477738380432,0.3667975068092346,-0.11577855795621872,-0.6482629179954529,0.7767512798309326,0.5373753309249878,-0.9067865014076233,-0.5382102131843567,0.12697048485279083,-0.5227717161178589,-1.0582537651062012,-0.7288751006126404,-0.1099276915192604,0.9848397970199585,1.0240163803100586,0.5866308212280273,-0.8502971529960632,0.6488139033317566,-0.7302721738815308,1.4313366413116455,-0.5913031697273254,-0.9927846193313599,-0.36954382061958313,-0.9016740322113037,-1.66020929813385,0.6508277654647827,1.673984169960022,0.719834566116333,-1.5854467153549194,0.318691611289978,2.3054721355438232,2.656926393508911,-2.0616061687469482,-0.5645799040794373,0.22522658109664917,0.7559833526611328,0.7227900624275208,0.45544248819351196,0.7108203768730164,-1.097485065460205,-1.0950294733047485,-0.4656621217727661,-1.2476235628128052,-0.5078471899032593,-0.7007567286491394,0.193074032664299,1.6843348741531372,-0.25542697310447693,-0.06543681025505066,1.8457815647125244,0.4027877748012543,-1.2778102159500122,-1.7401877641677856,0.3585157096385956,-0.4558374583721161,-0.18673722445964813,-1.9639033079147339,1.237794280052185,-1.8262360095977783,-0.6978188753128052,0.583659291267395,-0.023404734209179878,-0.3449462056159973,0.2215680480003357,0.8448636531829834,0.6136872172355652,-0.3682522475719452
amazon-phones.csv,-2.110929250717163,0.33576223254203796,0.1083642765879631,-1.6995131969451904,0.4606090784072876,-0.5670037865638733,0.05297565832734108,-0.827971339225769,-0.7923244833946228,-0.6030048727989197,-0.5078933238983154,1.1138291358947754,0.7538858652114868,-0.24406933784484863,-0.043401140719652176,-0.5704799294471741,-0.7489368915557861,-0.06057756766676903,-0.8467575907707214,0.06170884519815445,0.5575351715087891,-0.18076738715171814,-0.9642109274864197,-0.2637942433357239,1.5784599781036377,1.6906256675720215,-1.5488028526306152,-0.3096422255039215,0.6718629598617554,1.1737213134765625,0.21973806619644165,-1.3237886428833008,-0.5129691958427429,2.3748977184295654,-1.411175012588501,-1.1020331382751465,1.940002679824829,-0.4338344633579254,0.8151230812072754,0.9424909353256226,0.8776829242706299,-0.28496769070625305,-0.08066966384649277,-1.9121432304382324,-0.960564911365509,0.89370197057724,-0.8196200132369995,0.9475495219230652,-0.8179738521575928,-0.44839897751808167,-0.3975089192390442,-2.363591432571411,-0.7925618290901184,-0.6512002348899841,0.6841219663619995,-1.2772051095962524,-0.7974721193313599,0.9514089226722717,1.6116018295288086,0.8950847387313843,1.3071917295455933,-0.2671828866004944,-0.4896007478237152,-0.32364270091056824,0.09251100569963455,0.8643942475318909,0.921218991279602,-2.0469346046447754,-0.4560607373714447,1.0576590299606323,-1.7087938785552979,0.7063648104667664,1.2827595472335815,2.098472833633423,0.23110994696617126,0.005079281982034445,-1.2212209701538086,-0.6054925918579102,-1.1706490516662598,1.0488086938858032,-0.2458295226097107,-0.45288464426994324,0.6808183193206787,0.3254435658454895,-2.017673969268799,-0.6148132681846619,0.14917896687984467,0.01410403847694397,-2.373060464859009,0.7166036367416382,-0.876990020275116,1.8023350238800049,-0.4957716763019562,0.37850162386894226,0.15835419297218323,-1.3417600393295288,-0.7608885765075684,0.5841890573501587,0.46712371706962585,1.7639964818954468,0.7137985825538635,-0.7166419625282288,-1.1182585954666138,-0.7995340824127197,1.1012464761734009,-0.018280338495969772,0.3422476053237915,-0.02179955318570137,1.1248369216918945,1.2811875343322754,0.25264889001846313,-1.5070827007293701,1.465649127960205,1.0024257898330688,-0.8529831171035767,2.0757150650024414,-0.8704442381858826,-0.22537334263324738,-0.22468477487564087,-2.101928472518921,0.15046267211437225,0.5356693267822266,1.1485086679458618,0.617092490196228,-0.1949620097875595,-0.9710592031478882,-0.7670994997024536,1.679110050201416,0.13882553577423096,1.5478185415267944,0.4820592999458313,1.7557590007781982,-1.973747730255127,-0.1839446723461151,-0.48863494396209717,-0.07623233646154404,-1.2510727643966675,-0.22759316861629486,0.6599726676940918,-0.022870538756251335,0.4529452621936798,0.8792794346809387,-0.4006020426750183,0.2484768182039261,0.7182441353797913,-0.5934642553329468,0.956153392791748,0.26144328713417053,0.8858128190040588,-0.5083701014518738,-0.37846383452415466,-0.29365965723991394,0.6055184602737427,-1.0458234548568726,-1.5991991758346558,-1.415145754814148,0.318418025970459,-0.6756725311279297,0.6068387031555176,0.7774760127067566,0.2268185168504715,-0.8122811317443848,0.31001484394073486,2.1368181705474854,2.3601226806640625,-1.0685670375823975,-0.4158915877342224,-0.5366089940071106,-0.033145152032375336,-1.7550132274627686,0.35247185826301575,-0.23063649237155914,-0.5663698315620422,-0.18861640989780426,-0.5382708311080933,-0.5456666946411133,1.07952082157135,-0.46572181582450867,-0.7970510125160217,-0.3744654655456543,0.7031205296516418,0.35379141569137573,1.8651061058044434,0.22943544387817383,-1.1739226579666138,-1.5674980878829956,-0.7243750095367432,-1.220084547996521,-0.1424424648284912,-1.4271794557571411,0.8033984303474426,-0.7088022232055664,-0.14106805622577667,1.038082480430603,-0.918609619140625,-1.0432636737823486,0.17859171330928802,-1.2173212766647339,0.68819659948349,-1.1393327713012695
jester1.csv,-1.6328438520431519,0.28024572134017944,-1.649674654006958,-2.1491405963897705,-1.1847840547561646,-0.8524789810180664,1.7951290607452393,0.8355811238288879,-1.095115303993225,-1.2236073017120361,-0.04727385193109512,1.5611460208892822,0.33099570870399475,-0.06518721580505371,0.289011150598526,0.2608991265296936,0.4652729332447052,0.13202959299087524,-0.49335044622421265,1.045729637145996,1.1467829942703247,-0.05188559740781784,-0.4207904636859894,0.9878138899803162,0.673164963722229,1.030529499053955,-0.04573272913694382,-1.5326007604599,0.6411876678466797,0.09689979255199432,0.6450757384300232,-0.40841707587242126,-0.44598817825317383,1.7295806407928467,-1.5683304071426392,-1.3286473751068115,1.8168129920959473,1.5286539793014526,0.8975449800491333,1.4793846607208252,0.3837589919567108,-0.4381496012210846,-1.031205415725708,-2.1850879192352295,-1.3291445970535278,1.1732107400894165,-0.8448777794837952,-0.35887420177459717,0.16356238722801208,0.32278281450271606,-0.7010513544082642,-0.7360395789146423,0.7488616704940796,0.45204517245292664,-1.0503207445144653,-0.8456079363822937,-1.1938585042953491,0.4630873501300812,1.485669493675232,-0.5774187445640564,1.2773504257202148,0.059499070048332214,-0.6280906200408936,-0.4775594472885132,0.3202095329761505,-0.5393239259719849,0.9020243883132935,-2.1976072788238525,-0.17980337142944336,1.6770204305648804,-0.45910194516181946,-0.2512308955192566,0.715693473815918,1.3968346118927002,2.07189679145813,-0.34749317169189453,-1.9267388582229614,-1.1575809717178345,1.336909294128418,1.0313891172409058,-0.01453495118767023,-1.2529962062835693,0.409906268119812,0.37500765919685364,-0.7811921834945679,-1.0124504566192627,0.35342147946357727,-0.08793311566114426,-0.45472556352615356,0.5737131237983704,-0.4922029674053192,2.12744402885437,-1.5219212770462036,-0.2282063066959381,1.2597477436065674,-1.1577829122543335,-0.01565384492278099,-0.05641781538724899,-0.38369420170783997,1.343300223350525,1.4489030838012695,-0.21361832320690155,-2.3071115016937256,-0.8153855204582214,1.2703018188476562,0.35481807589530945,0.9837378859519958,-0.2686960995197296,-0.723388135433197,1.0184972286224365,0.5393147468566895,0.7948323488235474,-0.6024335622787476,1.7899342775344849,0.23621919751167297,2.0701520442962646,-0.8118654489517212,-0.4375857412815094,-1.0670838356018066,-1.4440035820007324,-0.7292980551719666,1.7099311351776123,0.7243703007698059,1.6416618824005127,0.6772976517677307,-1.1336338520050049,-0.23722214996814728,0.47038254141807556,-0.3300006687641144,1.3740837574005127,0.31000831723213196,0.6069742441177368,-1.5948913097381592,-0.7549078464508057,-0.349901020526886,-0.2522081732749939,-1.2287896871566772,-0.5478715300559998,0.9071909785270691,-0.7549430727958679,0.7905076742172241,-0.4715597331523895,-0.7105966806411743,-0.385379433631897,-0.6157472133636475,-0.7731320858001709,1.388784646987915,-0.5723939538002014,0.6305480003356934,0.4750189781188965,0.25047779083251953,0.6713076233863831,1.257744312286377,-0.34198763966560364,-1.0708088874816895,-0.48252370953559875,-0.42066141963005066,-0.4863274395465851,-0.4703104794025421,1.023210048675537,0.7167071104049683,-1.6756150722503662,0.3851527273654938,0.7076441645622253,1.897134780883789,-1.7303904294967651,-0.2647172510623932,0.6710917353630066,1.5348501205444336,-0.20827551186084747,0.2243468314409256,-0.36504119634628296,-1.2791032791137695,0.6628910303115845,0.5692108273506165,-0.6059796214103699,-0.9509955644607544,0.29236114025115967,-1.1670215129852295,0.42746999859809875,0.8884744644165039,0.6571711301803589,1.1812775135040283,-1.4025514125823975,-1.2222508192062378,-1.752463459968567,0.03463582694530487,-1.3614227771759033,0.3615466058254242,-0.07393985986709595,1.571981430053711,-0.8953715562820435,0.29761412739753723,1.2564425468444824,-1.9069393873214722,-0.4231972396373749,0.2339814454317093,-0.4106740951538086,0.31562337279319763,0.4032880961894989
tripadvisor.csv,-0.7868039608001709,0.24951604008674622,-0.112523652613163,-1.284981369972229,-0.26369866728782654,-0.29681646823883057,1.1021815538406372,-0.5419031977653503,-1.6887552738189697,-1.0704121589660645,-1.2115609645843506,0.3043854534626007,0.20703941583633423,-1.0300877094268799,-0.4124285578727722,-0.12445415556430817,0.648484468460083,0.17085930705070496,-1.2610540390014648,0.012923815287649632,0.6440024375915527,-0.24328768253326416,-0.42333880066871643,1.3396055698394775,0.08761786669492722,1.1152857542037964,-1.255162000656128,-0.6706115007400513,0.8051722049713135,-0.4059164524078369,0.4581422805786133,-1.1975425481796265,-0.978568434715271,0.9982227087020874,-1.1561497449874878,-0.7437447309494019,2.4468696117401123,-0.16748975217342377,0.4194979965686798,0.667445182800293,-0.1180359497666359,0.03393249958753586,-0.06611805409193039,-1.4719321727752686,-0.4391627907752991,-1.2043218612670898,-1.5015201568603516,0.5042487978935242,0.4359218180179596,-0.4322007894515991,-0.03352529928088188,0.3414120078086853,1.0626323223114014,-0.16742488741874695,-0.8235211968421936,0.31610026955604553,0.013629942201077938,1.1106654405593872,1.4136531352996826,-0.1784730851650238,0.8360546827316284,0.31252437829971313,-0.7247450351715088,1.2683677673339844,0.00439611729234457,0.3922208249568939,-1.2204006910324097,-0.7730125784873962,-0.9588053226470947,0.233177050948143,-1.4270261526107788,-0.3057864308357239,-0.44537094235420227,1.7518439292907715,0.11574194580316544,-0.5766676068305969,-2.5429859161376953,-2.072173595428467,0.9031274318695068,1.529784083366394,0.42298805713653564,-1.1865178346633911,0.6510287523269653,0.1915099322795868,-1.9392743110656738,-1.2220350503921509,-0.2767052948474884,-0.09711384773254395,0.1615520864725113,0.12513884902000427,0.8013683557510376,0.04519638419151306,-1.8632004261016846,0.10813341289758682,1.3174808025360107,1.1199604272842407,0.07546951621770859,-0.3949451446533203,-0.5594987273216248,1.8730685710906982,-0.12971438467502594,0.011089654639363289,-2.586110830307007,-1.7758029699325562,1.9832419157028198,-0.24287255108356476,1.452521800994873,-0.6466434597969055,0.9621566534042358,1.016595482826233,0.5240717530250549,0.11564918607473373,0.5924196839332581,1.6847611665725708,0.84303218126297,1.5116580724716187,-0.4659550189971924,-0.34524258971214294,0.01565675251185894,-1.7091904878616333,0.6709244251251221,-0.9172549843788147,0.5826061367988586,0.8357093334197998,0.4232542812824249,0.10203944146633148,-0.18667642772197723,1.7019996643066406,0.11869350075721741,0.8339108228683472,0.7788617014884949,3.517601728439331,-2.4623048305511475,-1.5498331785202026,-1.4532896280288696,0.8285109400749207,-0.6747378706932068,-0.33302760124206543,0.15753553807735443,-0.7747002840042114,0.5764434933662415,0.26855385303497314,0.8628085851669312,-0.2110978364944458,0.40705931186676025,-1.4321116209030151,0.37622401118278503,0.5271969437599182,0.713409423828125,0.11795347929000854,-0.22121661901474,0.001433786004781723,1.9816111326217651,0.3615145683288574,-0.3764328360557556,0.5172677040100098,-0.5777767300605774,-0.6158632636070251,0.9257794618606567,1.6147747039794922,0.41189128160476685,-1.0687628984451294,0.7786514163017273,1.3034361600875854,1.639661431312561,-2.6092305183410645,-0.44990089535713196,0.3523586392402649,0.21118608117103577,0.3706630766391754,0.4067295789718628,-0.01644672080874443,-2.0469114780426025,-0.2637694478034973,0.129598930478096,-0.7168002128601074,0.44371339678764343,-0.553570568561554,-1.7435969114303589,0.9076865911483765,0.1379663050174713,0.07435978204011917,1.959417700767517,0.08421666920185089,-1.6937642097473145,-0.9942362308502197,-0.28990352153778076,-2.087794542312622,-0.5404051542282104,-0.8761875629425049,-0.28990015387535095,-0.6239200234413147,-0.09090781956911087,1.1612745523452759,-0.14604072272777557,-1.023561716079712,0.4092671871185303,0.3114834129810333,-0.06955317407846451,0.13385935127735138
amazon-instruments.csv,-1.367440938949585,0.198759526014328,-0.2300405204296112,-1.4396538734436035,-0.472979336977005,-0.6983262300491333,0.8525692224502563,-0.176594540476799,-1.6917939186096191,-0.14793233573436737,-0.7788055539131165,1.5159963369369507,0.35304638743400574,0.4203968346118927,-0.9552363753318787,-0.20579586923122406,-0.11667529493570328,0.5541244745254517,-0.4744603633880615,1.60027277469635,0.16861681640148163,-0.1575198620557785,0.0738569125533104,-0.5104156136512756,-0.024273136630654335,1.967187762260437,-1.5255393981933594,-1.2533698081970215,1.063745141029358,-0.17704524099826813,1.0173648595809937,-1.2092833518981934,-0.603134274482727,2.3201897144317627,-1.611986756324768,-2.178049087524414,2.0555737018585205,0.23403917253017426,0.747194766998291,0.9222034215927124,0.5486129522323608,-0.7935448884963989,0.07756803184747696,-2.5943875312805176,-0.7863351702690125,0.23226764798164368,-0.6395697593688965,0.3005373179912567,-0.7692729830741882,-0.33523112535476685,-0.007407042663544416,-0.22432468831539154,0.8814058899879456,0.14982281625270844,-1.0781073570251465,-0.519385814666748,-0.7311382293701172,0.3380012810230255,2.056492328643799,0.6537036895751953,0.3944292962551117,0.09889828413724899,-0.9263476729393005,-0.48437103629112244,1.264835000038147,-0.0016397784929722548,-0.33843931555747986,-1.1645736694335938,0.8140643239021301,0.1482985019683838,-1.2134453058242798,0.351248174905777,-0.7604002356529236,1.527912974357605,0.38665297627449036,0.07559015601873398,-1.5581903457641602,-0.669881284236908,-0.09268121421337128,0.47160449624061584,0.10567045956850052,-2.5251262187957764,0.6338881254196167,0.6517280340194702,-1.5928497314453125,-1.39924156665802,-0.1301831156015396,0.14864329993724823,-0.6417631506919861,-0.521362841129303,-0.8094314932823181,1.2681515216827393,-1.2526674270629883,-0.7002441883087158,1.9959919452667236,-0.07318402826786041,-0.2947641611099243,0.029621906578540802,0.49288415908813477,1.1385388374328613,0.584118127822876,-1.2056242227554321,-1.1429545879364014,-1.5529111623764038,1.6140707731246948,-0.005358949303627014,-0.043631017208099365,-0.11719484627246857,0.9331313371658325,0.7561352849006653,-0.6809869408607483,-0.5704569816589355,0.9040413498878479,0.7508091330528259,0.3854386806488037,1.70115327835083,-0.9098691940307617,-0.6622726917266846,-0.024050582200288773,-1.647450566291809,0.39185598492622375,0.5493789911270142,0.3230343759059906,0.34230345487594604,-0.31975674629211426,0.5076022744178772,-0.3100181221961975,1.3191759586334229,-1.2869675159454346,1.472098708152771,0.9712884426116943,2.9708902835845947,-2.6478500366210938,-0.1731509417295456,-0.22774212062358856,-0.05974434316158295,-0.7923501133918762,0.26631131768226624,0.9346252679824829,-1.0594266653060913,-0.3597860038280487,0.12775009870529175,-0.7243928909301758,-0.6348545551300049,-0.023369213566184044,-0.987030565738678,0.22685296833515167,0.049488577991724014,0.9419518113136292,-0.009169002063572407,-0.4074898362159729,0.3541909456253052,1.7522674798965454,-0.3812130093574524,-1.395322561264038,0.16396041214466095,-0.9306135773658752,-0.6037982106208801,-0.22547835111618042,1.2061070203781128,0.09346513450145721,-0.912382185459137,0.41982439160346985,1.7733685970306396,2.8784518241882324,-2.4833803176879883,0.39338719844818115,-0.25566792488098145,0.8982928395271301,-0.3931598961353302,0.5524149537086487,0.6362106800079346,-1.0860278606414795,-0.5303862690925598,0.6437883973121643,-0.7814732789993286,-0.19485926628112793,-1.263523817062378,-0.7862823009490967,0.1129346638917923,-0.23099912703037262,0.07124802470207214,1.95849609375,0.6412755846977234,-0.7684614062309265,-1.3951610326766968,-0.1572963446378708,-1.7331347465515137,-0.31202539801597595,-1.0969362258911133,1.584519863128662,-1.7671771049499512,-0.7513704299926758,0.9969431757926941,0.24460797011852264,-0.41856250166893005,0.17636696994304657,0.6371341347694397,-0.40944305062294006,-0.9144310355186462
amazon-digital-music.csv,-2.04215669631958,0.41295549273490906,0.44350185990333557,-1.4079736471176147,-0.17085914313793182,-0.4266771078109741,0.0926489606499672,0.3083457946777344,-0.958108127117157,0.4154924750328064,-0.5577386617660522,1.7610989809036255,1.0037150382995605,-0.21095748245716095,0.6656304001808167,0.6347944736480713,1.1845524311065674,0.9908579587936401,-1.824918508529663,1.089376449584961,0.8551086783409119,0.49422594904899597,-0.3035965859889984,0.6833084225654602,0.9336912631988525,2.6789393424987793,-1.965018391609192,-1.125016450881958,1.110683560371399,0.17546163499355316,1.8516504764556885,-1.9512728452682495,-0.3293673098087311,1.5028184652328491,-1.4718964099884033,-2.00299072265625,2.90891695022583,-0.09470608085393906,1.2284646034240723,0.6455634236335754,0.8235380053520203,-0.6824097633361816,0.7618095278739929,-2.6703848838806152,-0.7068812847137451,0.3662993907928467,0.5236982107162476,0.20362024009227753,-1.3292471170425415,-1.0320075750350952,0.07043665647506714,-0.9293269515037537,0.6107251048088074,-0.4665389657020569,0.2084527462720871,-1.6558382511138916,-0.3389917314052582,0.8146877288818359,1.4539581537246704,0.5999449491500854,-0.5311833620071411,-0.30960604548454285,-0.11747442930936813,-1.1889897584915161,1.4036117792129517,0.37114083766937256,0.042940396815538406,-1.2573457956314087,-0.16515368223190308,0.24399997293949127,-1.4667274951934814,0.17427459359169006,0.47541844844818115,1.7127010822296143,0.31972864270210266,1.0234551429748535,-1.482702612876892,-0.42249366641044617,0.3643374741077423,1.2477928400039673,-0.7111395001411438,-1.6918009519577026,-1.1072089672088623,0.3157729506492615,-1.9566969871520996,-0.6314014196395874,0.03108716942369938,-0.1766214817762375,0.5070727467536926,0.9655727744102478,-0.5041548609733582,0.930508017539978,-0.6328930258750916,0.1981903612613678,-0.26826584339141846,-0.7199431657791138,-0.8476666212081909,1.69505774974823,-0.03160810098052025,0.898051917552948,0.5539781451225281,0.5497955083847046,-1.382845401763916,-1.780013084411621,0.5926306247711182,-0.48765048384666443,-0.08564268052577972,-0.03675437346100807,0.1501750499010086,1.963449478149414,-0.052252162247896194,-0.10169714689254761,1.6046758890151978,1.283219337463379,-0.5656646490097046,0.9482744336128235,-1.029394268989563,0.5088069438934326,-0.03067554160952568,-1.1035075187683105,0.3302745819091797,-0.4457932114601135,-0.028662007302045822,1.0984976291656494,1.8078348636627197,-0.7041901350021362,0.24668873846530914,1.6963452100753784,-0.17770349979400635,0.7285162806510925,0.8156726360321045,1.701256513595581,-1.4690030813217163,-0.1748228669166565,0.06231633946299553,-0.5447812676429749,-0.3550262749195099,0.9521157741546631,0.27432358264923096,-0.5672585964202881,0.6140078902244568,0.44533446431159973,-0.6959214806556702,-0.9904210567474365,0.4299379587173462,-0.22384724020957947,0.41027122735977173,0.18858426809310913,1.76382315158844,0.26762890815734863,1.3142268657684326,0.736935555934906,0.6923127174377441,0.6111242771148682,-1.159523844718933,0.1711035817861557,0.2568188011646271,-1.4879876375198364,1.4942045211791992,0.36466652154922485,0.7077327370643616,0.07933861017227173,0.7447935342788696,2.3123819828033447,1.8451128005981445,-1.647165060043335,0.9796373844146729,-0.5023307204246521,0.8578734993934631,-1.0178771018981934,0.06650464981794357,0.42758652567863464,-1.050248146057129,-0.06496180593967438,-0.2815054953098297,-0.8247666954994202,-0.48253703117370605,0.045978445559740067,-0.7255502939224243,-0.13410180807113647,-0.5612006783485413,1.803472638130188,1.3026930093765259,-0.17166072130203247,-0.7698474526405334,-1.3702328205108643,-0.15098196268081665,-1.3665261268615723,-0.1462680697441101,-1.6173386573791504,0.15907713770866394,-1.7090916633605957,-0.44767433404922485,0.5071789622306824,-0.3160632252693176,-0.03199970722198486,0.2579784095287323,0.7955963611602783,0.37247222661972046,0.7383625507354736
amazon-toys.csv,-1.4528021812438965,1.4521992206573486,-0.926690936088562,-2.537929058074951,0.9024109244346619,-0.6086662411689758,0.8475881218910217,-0.8627515435218811,-0.7109428644180298,0.13314659893512726,0.02740231528878212,2.481999158859253,0.4689471423625946,-0.5479507446289062,-0.6113457679748535,0.13534575700759888,-0.21267126500606537,0.5696362853050232,-0.8608253002166748,2.287989616394043,0.9037923812866211,-0.7350009083747864,-0.5020760297775269,-0.838243305683136,0.7258664965629578,2.3219289779663086,-0.4636768698692322,-0.7868459224700928,-0.5368808507919312,-0.419956773519516,0.8356965184211731,-1.7698863744735718,-0.4318715035915375,1.4447835683822632,-1.7289303541183472,-1.4678887128829956,2.1537792682647705,0.699914813041687,0.5641632080078125,0.5001953840255737,1.9281866550445557,-1.2272897958755493,0.05735412985086441,-1.2050942182540894,-0.5812779068946838,0.027117649093270302,-0.4469301402568817,-0.6072521209716797,-1.8833622932434082,-0.08435036242008209,-0.6431256532669067,-0.3563707768917084,0.4494197368621826,-0.24315877258777618,-0.4672977924346924,-0.34802424907684326,0.4415663778781891,0.913359522819519,1.5397677421569824,0.9254896640777588,0.11351083964109421,0.35905376076698303,-0.07609783113002777,-0.29759833216667175,0.6029305458068848,0.18664011359214783,0.4010702967643738,-0.32945558428764343,-0.26315736770629883,0.1713332086801529,-1.8594887256622314,0.41197657585144043,0.24868892133235931,1.9215484857559204,0.6716333627700806,0.30614185333251953,-1.1242629289627075,-0.9122805595397949,0.437235951423645,0.6252120137214661,0.5630596280097961,-1.9876679182052612,0.1730961948633194,0.02334723062813282,-2.3187482357025146,-1.919144868850708,-0.4806506931781769,-0.2276712954044342,0.46092623472213745,0.6003623604774475,-0.2183576077222824,0.5053558945655823,-1.3111340999603271,-0.7091698050498962,0.11566027998924255,-0.684307336807251,-0.49670931696891785,-0.33260756731033325,-0.812743067741394,1.5455412864685059,1.2480981349945068,-0.6073978543281555,-0.801457405090332,-1.909866213798523,0.48415040969848633,0.11620058864355087,0.7014122605323792,0.1687842607498169,1.1107723712921143,1.3456562757492065,0.03757038339972496,0.5005823373794556,0.3826642632484436,0.7713730335235596,0.025719190016388893,2.18605899810791,-0.49741044640541077,-1.142322063446045,-0.6124751567840576,-1.9761295318603516,0.6858362555503845,1.0798594951629639,0.19382275640964508,0.9380913972854614,1.4044567346572876,-0.2054680585861206,-0.7805444598197937,1.7984908819198608,-0.13341909646987915,1.1947250366210938,0.6936683058738708,1.1110339164733887,-1.9018796682357788,-0.11278100311756134,0.6705201268196106,-1.1760650873184204,0.033854708075523376,-0.3182792663574219,1.037615418434143,-0.9416801929473877,0.35541462898254395,0.4162970781326294,-0.05759027227759361,-0.28421828150749207,-0.7586655020713806,-0.8397521376609802,0.0658799558877945,-0.08124175667762756,0.2759561240673065,1.1351162195205688,0.7451326847076416,0.475358784198761,0.8059553503990173,-0.05910016968846321,-2.852689266204834,-0.34957584738731384,-0.009207742288708687,-0.10000857710838318,0.6049680113792419,1.162030816078186,-0.8487261533737183,-0.9685434699058533,-0.8753206729888916,1.5062439441680908,1.7062561511993408,-1.9656221866607666,0.3786507546901703,0.3230176568031311,0.5258193016052246,-0.6902156472206116,-0.11650338768959045,1.0960725545883179,-1.8762476444244385,-0.5445621013641357,1.2043195962905884,-0.7428725957870483,-0.8239484429359436,-0.33529454469680786,-1.2896853685379028,-0.15414723753929138,-0.18477453291416168,0.8238886594772339,1.2816858291625977,-0.8372822999954224,-0.9542323350906372,-1.2880325317382812,-0.5214137434959412,-0.5008372068405151,0.2215796411037445,-1.1270471811294556,1.11422860622406,-1.501587986946106,-0.8278224468231201,2.305696487426758,-1.0852946043014526,0.041036639362573624,0.4091203510761261,0.8732910752296448,-0.2606140375137329,-0.5662986636161804
movietweetings_latest.csv,-1.1385371685028076,0.6910043358802795,0.03162115439772606,-0.8067947626113892,-1.0186113119125366,-0.6772699356079102,0.5898807048797607,-0.5696677565574646,-1.688797116279602,0.5216822624206543,-0.5825141072273254,1.4202581644058228,1.1821589469909668,-0.2772301435470581,-0.10474249720573425,-1.6244465112686157,-0.12056683748960495,-0.7177701592445374,-1.1487400531768799,1.2617144584655762,1.0134168863296509,-0.5431971549987793,1.1406089067459106,0.05430646613240242,0.7701662182807922,2.0483992099761963,-0.6546553373336792,-1.1787492036819458,0.18229946494102478,0.5536954402923584,1.3120218515396118,-1.9541248083114624,0.5959776639938354,1.9077731370925903,-1.3395406007766724,-0.4778079390525818,2.8674862384796143,0.7298460602760315,-0.23509617149829865,1.5955157279968262,0.14732901751995087,0.6042184233665466,0.051540032029151917,-0.22582215070724487,-0.7601503133773804,0.805542528629303,-1.16505765914917,0.6623819470405579,-1.5309569835662842,-1.295480728149414,-0.03797221928834915,-0.14436878263950348,0.4547557532787323,0.3963705897331238,0.3655621409416199,-0.23827336728572845,-0.49562981724739075,1.404512882232666,1.4253660440444946,0.29950523376464844,0.661212682723999,0.5400240421295166,1.3599300384521484,1.0993789434432983,0.8406386971473694,0.5430178642272949,-0.7023189067840576,-0.5340065360069275,0.45402792096138,0.49129679799079895,-2.798198938369751,-0.243645578622818,0.5496254563331604,1.938891053199768,0.2893017828464508,1.711639642715454,-1.6292355060577393,-0.44900068640708923,0.9443227648735046,2.1782312393188477,1.1806111335754395,-1.8593896627426147,0.31062132120132446,-0.17476855218410492,-0.320449560880661,-0.6520364880561829,-0.3813117742538452,-0.6584053039550781,-0.04944553226232529,1.6263165473937988,-0.3704564869403839,1.4206211566925049,-0.7659137845039368,-0.49722400307655334,0.10233436524868011,-1.1624314785003662,0.3148095905780792,-0.5595135688781738,1.1095225811004639,1.5327163934707642,1.0645538568496704,-1.1182444095611572,-1.0802630186080933,-1.28098726272583,2.229663610458374,-0.9705106616020203,0.0042335279285907745,-0.5271865725517273,0.5667073726654053,0.4822481572628021,1.079900860786438,0.06032036244869232,0.8149352073669434,1.195387840270996,-1.572869062423706,2.106294870376587,-0.8382182717323303,-0.9464876055717468,-0.2892407774925232,-0.7739348411560059,0.08476293087005615,0.0284779891371727,-0.1101987436413765,0.6935034394264221,0.7834934592247009,0.13534346222877502,-0.3528042435646057,1.130391240119934,0.47717660665512085,1.5795705318450928,0.788131833076477,1.6076794862747192,-1.3397181034088135,0.017130322754383087,-1.17818021774292,-0.390509694814682,0.6611244082450867,0.02582913264632225,0.8516170382499695,-1.2034668922424316,0.3463646173477173,-1.3355355262756348,-1.2671809196472168,0.1988752782344818,-0.4043219983577728,-0.44314059615135193,1.019567847251892,-0.34086084365844727,0.3496186435222626,1.457278847694397,-0.36747267842292786,0.5354019999504089,1.1120795011520386,-0.41613394021987915,-1.3286508321762085,0.19781376421451569,-0.7905442714691162,-0.08111406117677689,-0.052200429141521454,1.054423213005066,1.9987748861312866,-1.4199883937835693,0.21989651024341583,1.7550424337387085,1.6899020671844482,-2.0922906398773193,1.3490755558013916,1.5659596920013428,0.7835345268249512,-0.15206727385520935,-0.08699530363082886,-0.45779433846473694,-0.42519986629486084,0.1745283305644989,0.2404605746269226,1.18494713306427,0.4429682493209839,-0.19243867695331573,0.47781428694725037,1.0520926713943481,0.1706315129995346,-0.8119187951087952,0.4109337031841278,0.4016774594783783,-1.7855064868927002,-0.5283533930778503,-0.7060299515724182,-0.5234792828559875,-0.663973867893219,-1.1861358880996704,0.8200634717941284,-1.475644588470459,-0.3021303713321686,0.4094087481498718,-0.7581704258918762,0.3576323688030243,1.925583839416504,-0.21020931005477905,0.13567399978637695,-0.024821728467941284
amazon-pet-supplies.csv,-0.6248786449432373,0.9275265336036682,-0.3284391164779663,-1.4379276037216187,-0.15086296200752258,0.028107289224863052,0.6337962746620178,-0.31653767824172974,-0.7258387804031372,0.6678987145423889,-0.26940277218818665,0.918941080570221,0.6785998344421387,-0.7212855815887451,1.129709243774414,-1.0078349113464355,-1.116183876991272,0.563719630241394,-1.3312073945999146,1.0342507362365723,0.07407986372709274,-1.1306406259536743,-1.1618874073028564,0.4248974919319153,1.8307712078094482,2.174997091293335,-1.806348443031311,-0.21254152059555054,-0.9233964681625366,-0.5681469440460205,0.8508370518684387,-1.9806828498840332,-0.9046342968940735,1.9702956676483154,-1.6208871603012085,-0.5708349943161011,1.7851221561431885,-0.6868503093719482,0.31267744302749634,-0.024935660883784294,0.721651554107666,-1.100243330001831,0.650006115436554,-1.7610217332839966,-0.25337567925453186,-0.15338565409183502,-0.6458871960639954,-1.2779446840286255,-1.1483137607574463,-0.3340209722518921,-0.1115943044424057,0.8598482608795166,-0.6805003881454468,-0.9671990871429443,-0.4186754822731018,-0.6670060157775879,-0.9404544830322266,1.3792811632156372,0.6704642176628113,0.5828691124916077,1.142147421836853,-0.7730414867401123,-0.04667854681611061,0.20909833908081055,0.5917566418647766,0.7338276505470276,0.7130226492881775,-0.6406493782997131,-0.4523239731788635,0.6910248398780823,-1.2388957738876343,0.4208182096481323,0.5565596222877502,2.3343300819396973,0.1730322390794754,0.6982693672180176,-1.750034213066101,-1.6512645483016968,1.0768165588378906,1.544199824333191,0.03579958528280258,-1.3433396816253662,0.7292002439498901,0.9552202224731445,-2.2718091011047363,-1.4829193353652954,1.3908262252807617,-1.400877833366394,0.13515250384807587,-0.7603182196617126,-0.28543010354042053,0.5311325192451477,-0.7609289884567261,-0.9264662265777588,1.0718151330947876,0.30697140097618103,-0.4946707487106323,0.8825801610946655,-0.031097600236535072,2.0701797008514404,0.1635003387928009,0.08964354544878006,-1.5507292747497559,-1.3483941555023193,0.9029355645179749,0.895557165145874,0.7115559577941895,1.1621004343032837,0.24256643652915955,0.8795034885406494,0.2147432118654251,0.27816176414489746,1.0245832204818726,2.059757947921753,0.5791876316070557,1.5039511919021606,0.09927945584058762,-1.5655157566070557,-0.9623078107833862,-0.8221662640571594,0.5651684403419495,0.03651998192071915,0.4526962339878082,-0.44377535581588745,-0.6791115403175354,-1.6686044931411743,0.43140339851379395,0.754195511341095,-0.05079657584428787,1.0429635047912598,1.057260274887085,2.227642774581909,-1.798311710357666,-1.651900291442871,-0.7162554860115051,-0.43176862597465515,-0.4594809412956238,-0.5367593169212341,-0.38390350341796875,-1.9443418979644775,0.4661365747451782,0.6458266377449036,-0.9322406649589539,-0.6437224745750427,0.3713955581188202,-0.22205093502998352,0.04749904200434685,-0.0735192820429802,1.369918704032898,0.07755037397146225,0.41236305236816406,0.8040099740028381,1.697435975074768,-0.037203505635261536,-0.6593369245529175,0.44160163402557373,-0.05659937113523483,-0.5508773326873779,0.7771182656288147,1.4485142230987549,-0.5754098296165466,-1.1447484493255615,0.4271771013736725,1.9273443222045898,1.5337625741958618,-2.236757278442383,0.764723002910614,0.6963655948638916,0.7162665724754333,-0.7992211580276489,-0.37286704778671265,-0.40573832392692566,-1.4253344535827637,-0.6645565032958984,-0.6109921932220459,0.13792191445827484,0.6519259214401245,-0.8820957541465759,-1.722575068473816,0.019550206139683723,-0.10582726448774338,0.29845133423805237,1.21448814868927,-0.8102222681045532,-2.1092567443847656,-0.9095535278320312,-0.6535722613334656,-1.2573245763778687,-1.2931565046310425,-1.2730175256729126,0.7881841063499451,-0.611638069152832,-1.0630743503570557,0.5007696747779846,-1.0781358480453491,-0.19300897419452667,0.005333181004971266,0.9182806611061096,-0.04129864275455475,0.12046757340431213
bookcrossing.csv,-0.27062907814979553,0.04165796563029289,-1.5405884981155396,-2.7892184257507324,-0.026191415265202522,-0.8186591863632202,0.6090452671051025,0.0012196952011436224,-0.7695484757423401,0.6356521248817444,0.7622877955436707,0.6163256168365479,0.3716392517089844,-0.734915018081665,-1.2093552350997925,-0.2601284980773926,1.2547472715377808,-0.3009849190711975,-0.6385242342948914,1.8355495929718018,0.7868109345436096,0.7411503195762634,-0.5342189073562622,-0.525020182132721,0.752036988735199,1.9100708961486816,-1.0859596729278564,-1.27314293384552,0.5042217373847961,-0.42577844858169556,-0.4989583194255829,-2.1345081329345703,0.252117782831192,0.7180238366127014,-1.4752848148345947,-1.5365890264511108,1.8030375242233276,0.4465874433517456,-0.5708529353141785,0.0057140677236020565,0.7968071699142456,-0.367961585521698,1.3079121112823486,-1.7734016180038452,0.29256895184516907,0.13706159591674805,-0.8582663536071777,1.890932559967041,-1.6052650213241577,-0.15671269595623016,-1.1701432466506958,0.16655446588993073,0.44817885756492615,-0.4139458239078522,-1.5770511627197266,-1.0022865533828735,-0.29699406027793884,1.1184556484222412,0.6321029663085938,0.48990339040756226,-0.29230573773384094,0.18414093554019928,0.9691249132156372,-0.6055027842521667,1.5980448722839355,0.01289858017116785,-1.0021295547485352,-1.9246329069137573,-1.3470157384872437,-0.42615118622779846,-1.750625491142273,-0.10395067930221558,0.3896799385547638,1.5272793769836426,1.0263551473617554,0.856684684753418,-0.6041619777679443,-0.5674902200698853,0.17701715230941772,0.9253570437431335,0.7390069365501404,-1.2511718273162842,0.30179187655448914,1.2948148250579834,-1.0458887815475464,-1.4193453788757324,-0.03100563958287239,-0.18273738026618958,0.6350072026252747,0.2530660331249237,0.6638148427009583,2.2045369148254395,-1.4455889463424683,-1.3524202108383179,0.4541485011577606,-1.7690014839172363,-0.06577150523662567,-0.11322692781686783,-0.7433459758758545,2.0427792072296143,0.906467616558075,-0.929810643196106,-1.6750462055206299,-0.802645742893219,0.8603341579437256,-0.15470793843269348,0.7739850878715515,0.19489236176013947,0.8243609070777893,0.36790093779563904,0.031079353764653206,0.0211072638630867,0.8460135459899902,2.0644233226776123,-0.19666285812854767,0.8571346402168274,-1.1301721334457397,-0.43382206559181213,-0.7141540050506592,-0.5229705572128296,-1.2011057138442993,1.2590010166168213,0.6763689517974854,-0.3413528501987457,-0.47145548462867737,-0.7401754856109619,-0.9315207600593567,1.890276312828064,-0.2372065931558609,0.3766564130783081,0.8147904872894287,2.4941461086273193,-1.6863198280334473,-1.2734687328338623,-1.1097795963287354,-2.0405986309051514,-1.4083142280578613,-0.2775643467903137,0.1262514442205429,-0.42950478196144104,0.6020738482475281,0.4067860245704651,-0.7266286015510559,-0.551683783531189,-0.6806954741477966,-0.4434107840061188,0.41338852047920227,-0.36781007051467896,-0.0262946467846632,0.9434861540794373,0.11396107077598572,0.7821274995803833,0.5895360708236694,-0.12650126218795776,-2.6798272132873535,-0.6501473188400269,0.15738113224506378,-0.34759506583213806,0.2499435693025589,1.2960777282714844,0.6113827228546143,-1.5417983531951904,-0.08148496598005295,1.5422329902648926,1.6011719703674316,-2.204592704772949,-0.8085641860961914,0.5282290577888489,0.39724037051200867,-0.24146543443202972,0.25902998447418213,0.4454767405986786,-0.6398345828056335,-1.015870213508606,0.3199971318244934,-0.7774226665496826,-0.9458900094032288,-0.44237518310546875,-1.4065734148025513,0.6446625590324402,-0.3729666471481323,0.13762162625789642,2.18354868888855,-0.7332547903060913,-1.0942378044128418,-0.6251782774925232,-0.10582040250301361,-0.8628298044204712,0.03272967040538788,-0.8571427464485168,0.25620511174201965,-1.2472114562988281,0.3422406315803528,1.364103078842163,-0.7559580206871033,-0.02423006482422352,1.3538473844528198,-0.6234865188598633,0.5967022180557251,-0.03913482651114464
flixter.csv,-1.2481210231781006,1.5707437992095947,-1.1150295734405518,-0.5361219048500061,-1.155405044555664,-0.07917507737874985,1.517287254333496,0.3095262944698334,-1.4007800817489624,-0.39358991384506226,0.7721651792526245,1.8966443538665771,0.024795275181531906,-0.5526183247566223,0.7180455327033997,-0.11275514960289001,-0.35602235794067383,0.22674480080604553,0.22207440435886383,-0.025933492928743362,0.7018131017684937,-1.3798668384552002,0.8260949850082397,0.6671410799026489,1.3998206853866577,0.19769294559955597,-0.8261706829071045,-1.0921244621276855,0.44251200556755066,0.8597973585128784,0.06641080230474472,-1.0478489398956299,-1.0165613889694214,0.4114820957183838,-1.053001880645752,-0.3636171221733093,1.7078157663345337,-1.3474376201629639,-0.9296356439590454,1.1158558130264282,0.8384888172149658,0.7608259320259094,-0.467130571603775,-3.206970453262329,-1.8135476112365723,-0.35001492500305176,-0.09896654635667801,-0.34644582867622375,-1.3261489868164062,0.49079370498657227,0.7567830681800842,0.6535431146621704,1.160051703453064,-0.41626960039138794,-0.7940478324890137,-0.5118314027786255,-0.5821331739425659,0.5329583883285522,0.7408859729766846,-0.839400053024292,0.746502697467804,-0.05032125115394592,-1.2850357294082642,0.2802877724170685,0.2694050371646881,0.8496503829956055,0.04378886520862579,-1.466930627822876,-1.9776959419250488,1.0673797130584717,-0.23622553050518036,-0.6838698983192444,-0.5948594808578491,1.644370675086975,1.7174910306930542,-0.16631920635700226,-0.9370765089988708,-1.813206672668457,1.8593729734420776,0.6951133012771606,0.9395769834518433,-0.19919399917125702,0.5133379101753235,1.1538233757019043,-0.7579659223556519,-0.23375436663627625,-1.201981782913208,-0.9588061571121216,-0.5828374028205872,1.625064730644226,0.8298200368881226,1.1499074697494507,-0.9597412347793579,0.010535018518567085,0.12855742871761322,-0.5099691152572632,-0.6851852536201477,-0.63723224401474,-1.4501208066940308,1.1509816646575928,0.17187316715717316,0.2511596083641052,-1.7524566650390625,-1.6423895359039307,1.0602900981903076,0.18716579675674438,-0.3922846019268036,-0.39884552359580994,-0.6937633156776428,0.6530542969703674,0.770753026008606,0.9353888034820557,1.3426419496536255,1.1231255531311035,1.1348915100097656,0.3615072965621948,-0.1690319925546646,-0.6006625294685364,0.10019847005605698,-1.0314574241638184,-1.0058345794677734,2.467338800430298,-0.26988670229911804,-0.8292349576950073,1.1265228986740112,-0.35711920261383057,-1.1224555969238281,1.9251410961151123,0.13646841049194336,1.644461989402771,1.1490495204925537,1.2798292636871338,-0.680379331111908,0.31363433599472046,-1.0299969911575317,0.3080645203590393,0.4812318980693817,-0.57839435338974,-0.12340391427278519,-0.8204466104507446,-0.47936466336250305,-0.05380772799253464,0.5435033440589905,0.24584506452083588,-0.15297959744930267,-0.0993528887629509,0.3668060302734375,-0.2714221775531769,-1.4850316047668457,0.7795355916023254,-0.1133146584033966,0.7764214277267456,0.5910521745681763,0.7589086890220642,-1.0075732469558716,-0.997824490070343,0.9198421239852905,-0.2937828004360199,-0.02774934098124504,-0.3450344502925873,2.6868841648101807,-0.6294509768486023,0.5391596555709839,2.023681163787842,1.8346784114837646,-2.538170099258423,0.7980162501335144,0.0059408931992948055,0.46187689900398254,1.0713603496551514,0.9696640968322754,-0.06345632672309875,-1.7753058671951294,0.44566377997398376,1.6081788539886475,0.8345254063606262,-0.05602347105741501,-0.5681173801422119,-1.2334316968917847,-0.6851872205734253,-1.3860260248184204,0.023764220997691154,0.812969446182251,-0.813510537147522,-1.8742408752441406,0.07525236904621124,0.6774469614028931,0.06449700146913528,-0.9142133593559265,-1.2572579383850098,0.14096137881278992,-1.9701714515686035,0.6914849281311035,1.3419357538223267,-0.8810831904411316,0.03930724039673805,1.1862554550170898,-1.2844992876052856,-0.8773642778396606,-0.3651307225227356
amazon-beauty.csv,-0.6829319596290588,0.06584195047616959,-0.014622067101299763,-1.5369120836257935,-0.6443054676055908,-0.9970741868019104,0.7786849141120911,-1.7864525318145752,-1.1673054695129395,-0.27762898802757263,-0.766313374042511,0.3357476592063904,1.0333751440048218,-0.954603374004364,0.5900968313217163,0.1673450469970703,-1.0428606271743774,0.9280116558074951,-1.3379656076431274,0.7587577104568481,0.427528977394104,-0.7743571996688843,-1.3339555263519287,0.24670612812042236,0.5043334364891052,1.6317665576934814,-1.1379252672195435,-0.0064389645121991634,-0.023193983361124992,-0.8992699384689331,0.19506767392158508,-2.273306131362915,-0.7562545537948608,2.054267168045044,-1.0070816278457642,-1.1922534704208374,1.7836110591888428,-0.35499852895736694,1.3729997873306274,0.6811928749084473,1.500125765800476,0.4389011859893799,1.12533438205719,-2.150315284729004,-0.9027672410011292,-0.5571718811988831,-0.08771095424890518,0.049542151391506195,-0.5085949301719666,-0.605037271976471,-0.7902831435203552,0.09493277966976166,-0.23638740181922913,-0.08273781836032867,-0.35066476464271545,-0.6651500463485718,-0.20057621598243713,0.3206672966480255,1.8283733129501343,0.08167888969182968,1.1647056341171265,-0.40878528356552124,-0.3291589617729187,0.0958268791437149,1.300130009651184,-0.21872569620609283,0.966620683670044,-0.47818607091903687,-1.3529176712036133,-0.2386239469051361,-1.4973927736282349,1.2022594213485718,-0.4779806435108185,1.4389020204544067,0.575614333152771,2.20042085647583,-2.257298231124878,-1.6976269483566284,-0.09484053403139114,0.2815713882446289,-0.225890651345253,-2.133474588394165,0.5711692571640015,0.7954458594322205,-1.777294397354126,-1.429945707321167,-0.34255847334861755,-0.7078052163124084,-0.6373122334480286,-0.8129412531852722,0.4807063639163971,2.048614978790283,-0.9081500172615051,-0.41361477971076965,0.7094088792800903,-1.0375730991363525,-0.14321368932724,0.521583616733551,0.12283501029014587,1.4689925909042358,0.3906790614128113,0.34589236974716187,-1.6572539806365967,-0.7952154874801636,1.2923409938812256,0.5820766091346741,1.049056053161621,-0.5557321906089783,-0.8532472848892212,1.0399094820022583,-0.2576344609260559,-0.43828490376472473,1.3342732191085815,1.2536578178405762,-0.1781187802553177,1.3289765119552612,-0.4330816864967346,-0.8985254168510437,-0.6999415159225464,-1.4318041801452637,-0.011323430575430393,-0.37830594182014465,0.7108554244041443,1.0433592796325684,0.38400065898895264,-0.5123897790908813,-0.27874329686164856,1.1493676900863647,-0.3685067892074585,0.6983094215393066,1.1764181852340698,2.2818591594696045,-2.1066768169403076,-0.8797354698181152,-0.9573032855987549,0.6412456631660461,-0.5173295736312866,-0.13679206371307373,0.8287282586097717,-1.857804536819458,-0.014851062558591366,0.591423749923706,-0.40897136926651,-0.2675142288208008,0.24435731768608093,-0.0705370381474495,0.7879558205604553,-0.2391456514596939,0.9881541728973389,-0.1236126720905304,0.3344440758228302,-0.1720360517501831,1.2553998231887817,-0.4382847249507904,-1.6128830909729004,-0.7243872284889221,0.3633551001548767,-0.9994575381278992,0.6900103688240051,1.5017595291137695,0.4921511709690094,-0.5072835683822632,1.1194074153900146,1.5457806587219238,1.7870768308639526,-2.803288459777832,-0.2686830759048462,-0.25867271423339844,0.6475023031234741,-0.3770574927330017,0.3960210084915161,0.3928806185722351,-1.4560027122497559,-0.38620755076408386,-0.29881608486175537,-0.3746781051158905,-0.010313787497580051,-1.0440202951431274,-1.0229685306549072,0.7666669487953186,-0.4769585132598877,0.051077187061309814,1.8649773597717285,-0.8873789310455322,-1.3474180698394775,-0.8650027513504028,0.12054571509361267,-0.9376009106636047,-0.7228655815124512,-1.1786435842514038,1.2249823808670044,-1.6687757968902588,-0.15717841684818268,1.7187069654464722,-1.7495191097259521,-0.37433233857154846,0.3306460380554199,1.4934138059616089,-0.34628191590309143,0.08740802109241486
movielens1m.csv,-0.5458633303642273,-0.8295150399208069,-1.1176445484161377,-1.7210496664047241,1.4042938947677612,-2.2662405967712402,1.3668396472930908,-0.028965726494789124,-1.8143383264541626,0.44473761320114136,-0.2194688320159912,1.40178644657135,0.5645586252212524,-0.5150592923164368,-0.12944436073303223,0.04352140799164772,-0.8491814136505127,1.1513211727142334,-1.1055099964141846,0.44801291823387146,0.0981970950961113,-0.36870405077934265,-0.8905900716781616,-0.9891897439956665,0.6303895711898804,0.9480525851249695,0.09852564334869385,-0.7422228455543518,-0.04940884932875633,0.7354773283004761,-0.146733820438385,0.17803876101970673,-0.13271166384220123,1.2866684198379517,-0.43572425842285156,-1.95895254611969,2.3214356899261475,0.3842830955982208,1.0626983642578125,1.1941453218460083,1.494845986366272,-1.1079366207122803,1.173405647277832,-0.31831595301628113,0.4610150456428528,-0.6819326877593994,-0.3699718117713928,0.15019957721233368,-0.7427600622177124,-1.1209075450897217,0.1471940577030182,-0.5579262971878052,0.4632968306541443,1.201610803604126,-0.717212438583374,-0.12837421894073486,-0.23608215153217316,-0.6196735501289368,1.0440969467163086,0.11094867438077927,1.166621208190918,0.6884014010429382,-0.4091990292072296,-0.04892028495669365,-0.7993748188018799,0.3934149742126465,0.6603477597236633,-0.4611114263534546,-0.3472863435745239,1.2328777313232422,-1.3269187211990356,0.7819446921348572,-0.5353267192840576,2.6013076305389404,0.8286625742912292,0.22871452569961548,-0.6031204462051392,-0.25228726863861084,1.0735492706298828,1.3202176094055176,0.29913580417633057,-1.191043734550476,0.7996641397476196,0.34482914209365845,0.1398499459028244,-0.9261343479156494,-0.18994103372097015,-0.5302534103393555,1.2132303714752197,1.91692316532135,-0.037793319672346115,2.084407091140747,0.10485564172267914,-1.2828106880187988,1.1546686887741089,-1.1370092630386353,-0.6589480042457581,-0.44364628195762634,-1.0482832193374634,0.8505303859710693,0.9345259070396423,0.7303252816200256,-0.48537319898605347,-0.4695100486278534,1.688896894454956,-1.2361235618591309,0.05929886922240257,0.9625995755195618,0.6686159372329712,0.0016200656536966562,1.12104070186615,0.9977734088897705,-0.0884513407945633,1.4386540651321411,0.42225220799446106,1.951216220855713,0.03632552549242973,0.3748963475227356,1.05940580368042,-1.9221078157424927,0.09550817310810089,0.3755074441432953,1.0522340536117554,0.250060498714447,2.0098071098327637,0.16147489845752716,0.3109007179737091,-0.7165576219558716,-0.0626705214381218,1.061725378036499,0.4439517557621002,2.491478443145752,-2.62571120262146,-0.44811320304870605,-0.35078591108322144,0.5896947979927063,-0.05217884108424187,0.4458371698856354,-0.6567808389663696,1.6246649026870728,-1.4111663103103638,0.22887350618839264,-0.5286129713058472,-0.6183622479438782,0.20052185654640198,-0.20552954077720642,0.0040826923213899136,-0.3409191966056824,0.11134301871061325,0.6254218220710754,-0.4593339264392853,0.07576635479927063,1.2795112133026123,0.19655334949493408,-0.865344762802124,-1.5651633739471436,0.05235891789197922,-2.397597551345825,-0.2054188996553421,1.8332934379577637,0.4674108922481537,-0.11904139071702957,0.7781643271446228,2.225984573364258,1.216330647468567,-2.2745885848999023,1.3537417650222778,-0.1616392433643341,0.7936585545539856,0.9339787364006042,0.5309352874755859,0.46465229988098145,0.26790279150009155,-0.4578937590122223,0.2697520852088928,-0.2422178089618683,-1.5817382335662842,-0.06365621834993362,-1.292214035987854,0.04300636425614357,0.9682726263999939,0.4142548143863678,0.3006051182746887,-0.7972315549850464,-0.9102884531021118,-1.9978604316711426,-0.6589404344558716,0.639674961566925,-0.17505350708961487,-0.8730651140213013,1.7397288084030151,-1.7261995077133179,-0.43028101325035095,1.2845752239227295,-1.5743646621704102,0.3133191466331482,1.0427442789077759,0.5927696228027344,2.0489249229431152,0.3368520438671112
amazon-instant-video.csv,-0.5937139391899109,0.6735649704933167,0.2157408446073532,-0.6812499761581421,-0.7660300135612488,-0.5562019944190979,-0.41005319356918335,-1.3480651378631592,0.5762540698051453,-0.3384886682033539,-0.16267861425876617,0.6512812376022339,1.2099021673202515,-0.565205454826355,-0.5124734044075012,-0.413648396730423,-0.1225985437631607,-0.020794687792658806,-2.2368838787078857,1.1487858295440674,0.8631276488304138,-0.6016420722007751,1.0571860074996948,0.6039345860481262,0.8101235032081604,1.9258487224578857,-1.21834135055542,-0.9277515411376953,0.8369995355606079,0.5661559700965881,1.5879675149917603,-2.0655171871185303,0.6655125617980957,0.8624300956726074,-0.8293325901031494,-0.867466390132904,0.9880343079566956,0.9894840717315674,-0.3562481701374054,-0.26379314064979553,0.8751001358032227,-0.35495686531066895,1.033743143081665,-0.8695279359817505,0.03347097337245941,0.45023900270462036,-1.5764020681381226,0.7817492485046387,-1.547884225845337,-1.552140474319458,0.5924811959266663,-0.37534409761428833,0.4739847779273987,-0.5448341965675354,-0.12711992859840393,-1.311315655708313,0.2860824167728424,0.7528011202812195,1.0405046939849854,-0.09025867283344269,-0.0805777832865715,0.5224332213401794,-1.0004297494888306,0.6291179656982422,2.4367973804473877,-0.4656461477279663,0.32147786021232605,-0.8999304175376892,-0.31682848930358887,1.2830770015716553,-1.9215095043182373,0.30852165818214417,0.4120766818523407,2.3028788566589355,-0.12387927621603012,0.23707328736782074,-1.6064225435256958,-0.8103291392326355,0.4456605911254883,-0.10777441412210464,-0.11962548643350601,-0.00251841195859015,1.4356212615966797,0.2827768921852112,-1.7754369974136353,-0.22827652096748352,-0.24475538730621338,1.6476895809173584,-0.11716509610414505,0.2455531805753708,-0.310245543718338,1.484192132949829,-0.46698665618896484,-0.45887237787246704,0.6529956459999084,-0.46004152297973633,0.219051331281662,0.49164798855781555,-0.007353739347308874,0.7496311664581299,0.31619399785995483,-0.407706081867218,-2.1800742149353027,-1.3536570072174072,2.0905683040618896,0.19163861870765686,-0.22403638064861298,-0.07712730765342712,1.5617209672927856,2.1533312797546387,-0.5028867125511169,-0.18600495159626007,1.3693631887435913,0.7128196954727173,0.3409811556339264,0.3726496994495392,-0.394279420375824,1.1584038734436035,-0.9610971808433533,-2.491574287414551,-0.1341981142759323,0.7065005302429199,-0.6599549055099487,1.6672985553741455,0.35107994079589844,-1.777982234954834,-1.3274834156036377,0.5091360211372375,-0.2106589823961258,2.0101349353790283,2.441555976867676,2.027735471725464,-1.228037714958191,-0.014284593053162098,-0.06206507608294487,-0.014802500605583191,-0.515070378780365,-0.7791664004325867,0.7422434091567993,-0.848882794380188,0.6778645515441895,0.5467212200164795,-0.33402565121650696,-1.0620335340499878,0.7684370279312134,0.36797183752059937,-0.05950551852583885,-0.018823126330971718,0.5981688499450684,-0.14767605066299438,0.4681379795074463,0.7792351245880127,0.9371193647384644,-1.8159599304199219,-1.2033249139785767,-0.9804418683052063,-0.3198874592781067,-1.0333664417266846,1.187515139579773,0.3055710792541504,1.4875311851501465,-0.7333852648735046,0.004456781782209873,0.8704172372817993,2.4970858097076416,-2.7097415924072266,-0.890095591545105,0.7941843271255493,0.3331599831581116,0.25065696239471436,-0.14337050914764404,-0.6544923782348633,-1.4030983448028564,-1.3895232677459717,-0.11273877322673798,-1.4388856887817383,-0.5479276776313782,-0.3659019470214844,-1.031393051147461,0.5300775170326233,-0.4891573488712311,0.48462724685668945,1.122721552848816,-0.24479219317436218,-1.018442153930664,-1.0604437589645386,-0.12487782537937164,-1.4579036235809326,-0.40354904532432556,-0.6733392477035522,1.1268203258514404,-0.6089954376220703,0.3325600028038025,0.43163469433784485,-0.8550315499305725,1.2044755220413208,1.9386842250823975,1.3011337518692017,0.5246931314468384,-0.10434270650148392
yahoo-music.csv,-0.5342233180999756,1.9784482717514038,-1.6529723405838013,-1.709804654121399,-0.5329716205596924,-0.42832228541374207,-0.33936911821365356,-0.11446230113506317,-0.7115660309791565,-0.9661871790885925,-0.214042529463768,2.1694908142089844,1.3909492492675781,-0.08984067291021347,-0.24979336559772491,-0.5905909538269043,0.8026076555252075,0.29301244020462036,-1.2359533309936523,0.7141665816307068,1.367479920387268,-0.18756167590618134,-0.516650915145874,-0.2762039005756378,1.077859878540039,0.8942404985427856,-0.01364950742572546,-0.7865049242973328,1.0714863538742065,-0.16041219234466553,-0.0029678335413336754,-0.7089760303497314,0.14001746475696564,1.045326828956604,-0.49255698919296265,-0.5735523700714111,2.5114946365356445,-0.8367786407470703,0.9671931266784668,1.104559302330017,0.11406555026769638,0.09559276700019836,0.578064501285553,-0.3851214647293091,-0.7534858584403992,0.1634635627269745,-0.47996366024017334,-0.7903745174407959,-1.5915377140045166,0.39458292722702026,-0.8978567123413086,-0.9385842084884644,0.4911612272262573,-0.3865203261375427,-1.0236990451812744,0.49363237619400024,-0.5965602993965149,0.7557803392410278,2.0891754627227783,0.27293869853019714,1.5905340909957886,-0.5644616484642029,0.35461166501045227,-0.06266248971223831,1.3537932634353638,0.21545632183551788,1.0048259496688843,-0.9649062752723694,-0.14318183064460754,-0.8004372715950012,-0.43890413641929626,-0.6340457201004028,-0.13090859353542328,1.8699860572814941,1.54131281375885,0.801828920841217,-1.6361373662948608,-1.0266408920288086,0.24068383872509003,0.756422758102417,-0.7582303881645203,-0.36248496174812317,-1.005228042602539,0.7785274982452393,-0.17173367738723755,-0.8103414177894592,-0.262704461812973,-0.5866331458091736,0.2390567660331726,0.532615065574646,-0.6941949129104614,1.4069361686706543,-1.5525462627410889,-1.4838871955871582,1.3031762838363647,-0.7187117338180542,0.14918482303619385,0.5571224689483643,-1.4463717937469482,1.2295966148376465,0.17339205741882324,-0.7783254981040955,-1.140165090560913,-1.1674834489822388,1.0050169229507446,-0.06784451007843018,0.5456344485282898,0.8575232625007629,0.0013877492165192962,0.6521645784378052,-0.10474037379026413,-0.22914816439151764,0.5410977005958557,0.4391716718673706,0.3984771966934204,1.9385600090026855,-0.3719806373119354,-0.268795907497406,-1.2419458627700806,-2.250509738922119,0.16621734201908112,1.6061091423034668,0.5289625525474548,1.5999358892440796,0.5173150897026062,-0.6530906558036804,-0.6521825790405273,0.05186301842331886,-0.472946435213089,0.8086016178131104,1.4273070096969604,1.145094633102417,-0.8898221254348755,-0.2608840763568878,-0.9032694101333618,-0.852084219455719,-0.9655848145484924,-0.8896336555480957,1.3084816932678223,-0.06231224164366722,0.5369131565093994,0.3119904100894928,-1.0421315431594849,-0.3468070328235626,-0.7104046940803528,-1.5575015544891357,0.3104957044124603,-0.3888697922229767,-1.2130666971206665,-0.9068188667297363,0.5256878733634949,0.14605504274368286,1.1532697677612305,-0.7373434901237488,-1.6100765466690063,-0.8814880847930908,-0.6272045373916626,0.5819549560546875,1.7049052715301514,0.6493883728981018,1.3588544130325317,-1.50460946559906,0.027206188067793846,2.678555965423584,1.5290089845657349,-2.6007518768310547,-0.6621692180633545,0.648818850517273,1.2172086238861084,0.7631329894065857,0.3689613938331604,-1.3917990922927856,-0.9646517634391785,1.1043579578399658,-0.5607496500015259,-0.5966636538505554,-0.6732820868492126,-0.6399180293083191,-1.064556360244751,0.3301568627357483,-1.6427053213119507,0.5738690495491028,1.2788382768630981,0.050903744995594025,-3.0449085235595703,-1.7645784616470337,-1.015728235244751,-0.5024234056472778,-1.2474000453948975,-1.5356485843658447,0.9237682819366455,-1.7988078594207764,-0.9859585165977478,0.39328694343566895,0.46062466502189636,-0.1646571308374405,1.4206715822219849,0.37702569365501404,1.0150775909423828,0.07766086608171463
amazon-apps.csv,-0.9944051504135132,0.5736111402511597,-0.6951172351837158,-2.2901055812835693,-0.18465255200862885,0.03780527785420418,0.6533151865005493,-0.12616299092769623,-0.6410983800888062,-0.9935592412948608,0.4188674986362457,0.6166282296180725,-0.19050219655036926,-0.49889442324638367,-0.4401172697544098,-0.64248126745224,-0.4768444299697876,1.164624571800232,-1.729860544204712,0.5254966020584106,1.525328516960144,0.44829899072647095,-0.027553822845220566,0.04486262798309326,1.20359468460083,1.788161277770996,-1.483630895614624,-1.3402332067489624,0.49219074845314026,-0.10929467529058456,-0.03711782768368721,-1.0305815935134888,-0.011893986724317074,1.0694588422775269,-2.063995122909546,-1.0328102111816406,0.978658139705658,-0.9867908358573914,0.30900609493255615,1.009439468383789,1.382378101348877,-0.28088685870170593,0.033855076879262924,-2.2884836196899414,-0.8534623980522156,0.37603941559791565,-0.0010129198199138045,0.7533825039863586,-1.7870436906814575,-0.19526173174381256,-0.8421809077262878,-0.40976783633232117,0.15395325422286987,-0.28781187534332275,-0.5606973767280579,-0.652090847492218,-1.2489228248596191,2.0896482467651367,2.4128973484039307,0.22893209755420685,1.0790704488754272,0.2266920655965805,-0.09423918277025223,-0.3332153558731079,0.48374176025390625,-0.24016942083835602,-0.7856286764144897,-1.7778310775756836,-0.2597525715827942,-0.07661905884742737,-1.4529941082000732,0.4481831192970276,0.11321566998958588,0.8391649127006531,0.47664281725883484,0.9158080220222473,-1.3866667747497559,-0.38706162571907043,0.3862583339214325,1.0569223165512085,-1.1054059267044067,-1.1380376815795898,0.4346241354942322,0.2748067378997803,-0.5731363296508789,-1.2083135843276978,0.194229856133461,-0.4358009696006775,0.2841331660747528,1.1048564910888672,-1.195424199104309,1.397465467453003,-1.1754183769226074,0.05627166107296944,0.13294225931167603,-1.7427798509597778,0.04572058841586113,1.7513076066970825,-0.18139207363128662,0.8173937797546387,1.5074095726013184,-0.6129783987998962,-2.3491556644439697,-1.4714313745498657,0.7999919652938843,0.193511500954628,-0.317183256149292,0.5702025294303894,0.37719491124153137,0.6563587784767151,0.1990567147731781,0.3514467179775238,0.1489437222480774,0.1500573456287384,0.27400633692741394,2.0828115940093994,-0.28709304332733154,-1.3637269735336304,-0.4793251156806946,-0.588488757610321,-0.73712557554245,0.1635378748178482,1.2543753385543823,0.9306915402412415,0.5012995600700378,-1.913097620010376,-0.43962839245796204,1.0554428100585938,0.24651987850666046,1.7481107711791992,0.90711510181427,3.295008659362793,-0.8886905312538147,-0.6696788668632507,-0.46680471301078796,-0.11481618881225586,-1.569392442703247,0.33138054609298706,-0.0723675936460495,-0.8836311101913452,-0.18206273019313812,-0.6782525777816772,-0.7757217288017273,-1.874159336090088,-0.36368033289909363,-0.2872174084186554,-0.303717702627182,-0.44047391414642334,0.16293524205684662,0.7685025930404663,0.26534461975097656,-0.6759936809539795,0.43213003873825073,-0.08558047562837601,-1.1877684593200684,-0.4727945625782013,-0.2700248658657074,-1.6263110637664795,1.3811181783676147,0.7780647277832031,0.250628262758255,-0.11544344574213028,1.3649957180023193,1.8162078857421875,3.160569190979004,-1.5281481742858887,-0.18033719062805176,-0.5984679460525513,1.3760602474212646,-0.19510380923748016,-0.5327421426773071,-0.38302624225616455,-1.0257863998413086,0.39575180411338806,-0.19794026017189026,0.091171495616436,-0.9290227890014648,-1.0332398414611816,-0.4014616310596466,0.1902577131986618,0.1254814714193344,0.7504884004592896,2.944599151611328,-0.7717598676681519,-1.2856123447418213,-0.942966639995575,0.03180623799562454,-0.9894711375236511,-0.6516535878181458,0.45175302028656006,0.37734416127204895,-1.5053895711898804,1.0096763372421265,1.0250062942504883,-0.4679067134857178,-0.39957576990127563,1.292105793952942,1.4303747415542603,-0.268943190574646,-0.30365341901779175
amazon-sports.csv,-0.2950296103954315,-0.5480604767799377,-0.493047297000885,-1.9927269220352173,-0.6222220659255981,0.36832454800605774,1.0600173473358154,0.9586889743804932,-0.4474402368068695,-0.5340274572372437,-0.03496210277080536,1.5840696096420288,1.084445834159851,0.15278571844100952,-0.7376214861869812,-0.7176757454872131,-0.3077705204486847,1.7540593147277832,-1.5079175233840942,0.47102099657058716,0.20094195008277893,0.49337419867515564,1.4583033323287964,-0.9031155109405518,1.5258939266204834,1.161820411682129,-1.858403205871582,-2.3048973083496094,1.196434497833252,-0.6253674030303955,0.6860498785972595,-0.8589156866073608,1.4400134086608887,1.4657498598098755,-0.9688301086425781,-1.8779112100601196,0.6082807183265686,-0.18660742044448853,-1.0061553716659546,0.8788539171218872,1.2167702913284302,-0.28124454617500305,-0.21060025691986084,-1.4841760396957397,-0.6920154094696045,0.20249952375888824,-0.602312445640564,0.7188789248466492,-0.2991701066493988,-0.1125914677977562,-1.0056114196777344,0.33758261799812317,1.6748366355895996,0.3650182783603668,-0.6529476046562195,-1.1352800130844116,0.3609565496444702,0.6687161922454834,1.888572096824646,0.7083832025527954,0.3658543825149536,-0.9767167568206787,-0.1397155225276947,-0.8903464078903198,1.2967020273208618,1.0574926137924194,0.07364758849143982,-1.005500316619873,-0.818891167640686,-0.0004869907279498875,-1.4910386800765991,-0.5287693738937378,0.24545614421367645,1.0478172302246094,0.6717884540557861,-1.1403825283050537,-0.9964806437492371,-1.898659110069275,-0.06246342882514,-0.2741127014160156,0.3380454182624817,-1.251157283782959,0.2312161922454834,0.8734161853790283,-2.1036393642425537,-0.5191143155097961,0.3768550455570221,-0.23097985982894897,-0.8001741170883179,0.47861334681510925,-0.46195071935653687,0.28648242354393005,-0.9010478854179382,-0.07012885808944702,1.7678427696228027,-1.049776315689087,-0.3364308476448059,0.47839558124542236,0.4945448040962219,0.7106600999832153,0.9145558476448059,0.07575266808271408,-0.6487927436828613,-2.3751885890960693,1.3833551406860352,-1.2797633409500122,0.19131407141685486,0.2685995101928711,0.9016067385673523,0.22458036243915558,-0.5614578723907471,-0.2706867456436157,1.9252920150756836,1.27993643283844,-0.2476503551006317,2.0565438270568848,-0.6100708246231079,-0.32250332832336426,-0.2459454983472824,-1.2738375663757324,-1.1062026023864746,0.6185564994812012,-0.10753829032182693,-0.07924854755401611,-0.4684210419654846,-0.8019220232963562,-0.3353651762008667,1.3745555877685547,-0.4019453525543213,1.6656192541122437,0.8159493207931519,2.3791847229003906,-1.5892397165298462,-0.821879506111145,-0.2642500698566437,-1.0449107885360718,-0.38061267137527466,0.7571346759796143,0.19923171401023865,-0.4544207453727722,0.6934820413589478,-1.0253924131393433,-1.493566632270813,-0.8468278050422668,-1.575958490371704,-0.2646835148334503,-0.336365282535553,-0.168743297457695,0.6490653157234192,0.6644505262374878,-1.0586216449737549,0.5052616596221924,1.152821660041809,0.48487961292266846,-1.127037525177002,0.07816658914089203,-0.652022123336792,-1.1947979927062988,0.33177244663238525,-0.6009640693664551,-0.6598674654960632,-0.9358683228492737,1.3941240310668945,1.3314902782440186,3.058943510055542,-1.9354640245437622,-0.5896750688552856,0.9361194372177124,-0.35345664620399475,-0.0835556834936142,0.058451760560274124,-0.38823869824409485,-1.9697812795639038,-0.5951007008552551,-0.28744328022003174,-0.6202453374862671,-0.029507188126444817,-1.0041208267211914,-0.18348009884357452,0.8755044937133789,0.32939618825912476,1.0066965818405151,1.263421893119812,0.598138153553009,-1.8388009071350098,-1.8004088401794434,-1.509922742843628,-1.609393835067749,0.5761712789535522,-0.5579544901847839,0.8710306286811829,-1.3986780643463135,-0.5827511548995972,0.30719560384750366,0.13757503032684326,-0.0450129471719265,0.8594386577606201,1.1403677463531494,-0.17734970152378082,-1.25089430809021
amazon-food.csv,-1.2024658918380737,-0.23236936330795288,-0.15730591118335724,-0.735744833946228,-2.0553910732269287,-1.3176186084747314,1.0147449970245361,-1.3461440801620483,-0.8306878209114075,-0.7251490950584412,0.9234952926635742,0.563320517539978,0.9607726335525513,-0.9457483887672424,-0.0594073049724102,-0.31608542799949646,-0.8658695220947266,1.5739555358886719,0.21950934827327728,1.4119269847869873,0.40391024947166443,0.6552788019180298,-1.8592439889907837,-1.044337511062622,0.02970951981842518,0.5257413387298584,-1.2030075788497925,-0.7286060452461243,0.6563211679458618,-0.37299665808677673,0.27077463269233704,-1.7601182460784912,-0.6897131204605103,1.6444398164749146,-1.757533311843872,-0.9916759133338928,1.279883861541748,-0.31907159090042114,1.142423152923584,-0.10663808137178421,1.2025749683380127,0.054754700511693954,0.3997255265712738,-0.8667482137680054,-0.4654684364795685,0.32659438252449036,-1.1664527654647827,1.117765188217163,-1.4835611581802368,-0.7857517004013062,-0.48018890619277954,0.12039481848478317,-0.8567190766334534,0.42733070254325867,-1.0448542833328247,-0.5632532238960266,0.27764520049095154,0.2615956962108612,1.5558745861053467,-0.41445136070251465,1.751090407371521,0.0747656524181366,-0.3076232075691223,0.3354559540748596,1.023082971572876,0.6333675980567932,-0.3784066140651703,-0.06815757602453232,-0.6593413352966309,-1.074562430381775,-1.3846756219863892,-0.07336438447237015,0.4039565622806549,0.5199301242828369,-0.02125215157866478,0.9606277942657471,-1.2501651048660278,-1.0335551500320435,-0.4580269157886505,1.360656976699829,0.30147603154182434,-1.7580339908599854,1.8008915185928345,0.07516960799694061,-2.2125728130340576,-0.37207168340682983,0.20544537901878357,-0.4035409986972809,0.5522370934486389,0.40889233350753784,-0.4486974775791168,0.43676164746284485,-1.497876763343811,-0.37272611260414124,1.225226640701294,-0.6288279294967651,-0.22282899916172028,-0.4276970624923706,-0.27065300941467285,2.3052849769592285,0.3791193664073944,-0.14791668951511383,-1.9703114032745361,-1.8461428880691528,1.6093274354934692,0.10627607256174088,0.6036208868026733,-0.8463987112045288,-0.04438672587275505,0.37699127197265625,-0.1294485330581665,0.02358211576938629,0.9134807586669922,0.4313405752182007,0.0891481414437294,-0.35037368535995483,-0.44230228662490845,-0.7263455390930176,-0.3158735930919647,-0.6495935916900635,-0.857964038848877,-0.7026838660240173,0.9236124157905579,0.9896636605262756,0.11089140176773071,-0.4975728988647461,0.17368924617767334,0.7041452527046204,-0.7144657969474792,0.774334192276001,1.3212108612060547,2.2411067485809326,-2.282242774963379,-1.2680853605270386,-0.5713949203491211,0.5908941626548767,-0.9120179414749146,0.10581576079130173,0.25723713636398315,-1.6563187837600708,0.40507322549819946,1.4082703590393066,-0.14015208184719086,0.15768450498580933,0.24962927401065826,-1.1291905641555786,0.36128541827201843,0.12308011204004288,0.03535718843340874,0.9424715042114258,-0.7819591760635376,0.05221288278698921,2.265568971633911,-1.0428968667984009,-0.9829925298690796,-0.07579748332500458,1.3955541849136353,-0.6572269201278687,0.2085474729537964,1.4646960496902466,0.2939271628856659,-2.701392889022827,0.8920531272888184,2.657827615737915,2.620168685913086,-2.6244757175445557,-0.8277135491371155,-0.3535415828227997,0.9267954230308533,0.4261831045150757,0.9207398891448975,0.796959638595581,-1.2643346786499023,-0.9696440100669861,-0.021156152710318565,-0.40005624294281006,0.0977058857679367,-0.38947534561157227,-0.5561723113059998,0.8654650449752808,-0.971912682056427,0.027065077796578407,1.8257371187210083,-0.6091471314430237,-0.5270228981971741,-1.228508472442627,-0.38849544525146484,-0.5906696915626526,-0.6879056096076965,-1.0947123765945435,1.6880483627319336,-1.3484420776367188,-0.2853158116340637,1.7284704446792603,-0.9393322467803955,-0.5155384540557861,-0.09093660116195679,0.11102218925952911,-0.5566675066947937,-0.49177172780036926
jester3.csv,-1.366994023323059,-0.09646172821521759,-2.5639188289642334,-2.4067137241363525,0.13060054183006287,-1.6400099992752075,0.9048821926116943,-0.9647642970085144,-0.5552374124526978,0.6900036334991455,-2.230177640914917,0.7765967845916748,1.2598814964294434,-0.9011663198471069,0.6400304436683655,-0.7564384937286377,0.5073876976966858,0.31178656220436096,-0.48468610644340515,1.1500258445739746,0.9427615404129028,0.3175390958786011,0.026011455804109573,0.7320206761360168,0.5841619372367859,1.3284913301467896,-0.9030594825744629,-0.44548705220222473,0.15805095434188843,0.5252756476402283,1.2617452144622803,-1.361043095588684,-0.47564443945884705,1.494986891746521,-1.0314861536026,-1.0461695194244385,2.2445437908172607,-0.26138514280319214,0.6943894624710083,0.26085469126701355,0.9784915447235107,-0.6238813996315002,-0.36614036560058594,-2.827504873275757,-1.774235486984253,0.4567803144454956,-1.5390139818191528,0.5275283455848694,-0.675556480884552,-0.5029879808425903,-1.3597867488861084,-0.42841047048568726,-0.06018013507127762,0.5405539274215698,-0.34705209732055664,0.21148225665092468,-0.06279531866312027,0.6673924922943115,1.5374101400375366,-0.35522326827049255,1.0941696166992188,0.25465622544288635,-0.5352460145950317,-0.346967488527298,0.6014329195022583,-0.6403660178184509,1.105823040008545,-0.5729219913482666,-0.5243057012557983,-0.400456964969635,-0.25914573669433594,0.2875630855560303,0.7528390884399414,1.4195116758346558,1.622927188873291,0.61038738489151,-0.9188416600227356,0.8997135758399963,0.38623353838920593,0.9647302031517029,0.121025949716568,-1.7042001485824585,-0.4769333004951477,1.0150107145309448,-1.3695632219314575,-0.8867970108985901,-0.9555802941322327,-0.4796413481235504,-0.6401354074478149,-0.41226086020469666,0.15881381928920746,1.434880018234253,-0.5358254909515381,-0.7255567908287048,0.4257301986217499,-0.6199236512184143,-0.6078028678894043,-0.15707401931285858,-0.03684348613023758,1.1007035970687866,-0.4185091257095337,-1.0165144205093384,-1.7375271320343018,-1.099358320236206,2.38059401512146,-0.11292839050292969,-0.621547520160675,-0.46889588236808777,-0.37241706252098083,0.782416582107544,-0.01741655357182026,0.35082969069480896,1.2460546493530273,2.70267391204834,0.6040812730789185,1.8945722579956055,0.007150836754590273,-2.232619524002075,0.3777775764465332,-0.08996709436178207,-0.7996081709861755,0.04292970895767212,-0.45172885060310364,1.3360646963119507,-0.8129525780677795,-0.94722980260849,-0.954184889793396,1.94830322265625,-0.26040104031562805,1.1450756788253784,0.12847743928432465,1.4383854866027832,-1.4470925331115723,-0.2385297268629074,-0.23113566637039185,0.08993347734212875,-1.0368549823760986,-0.5416609644889832,1.425431728363037,-0.3053871989250183,0.8688455820083618,0.7552347183227539,0.3240607678890228,-0.21730554103851318,-1.0764005184173584,-2.1723670959472656,0.5711352229118347,-1.2131644487380981,-0.3339430093765259,0.07851484417915344,-0.7728188633918762,0.12494418025016785,1.3060866594314575,0.5521630048751831,-1.3422801494598389,-0.32154569029808044,0.4942149817943573,-0.39561039209365845,-0.5721030831336975,0.9356496930122375,1.2361981868743896,-0.38644251227378845,1.3120756149291992,0.6531636714935303,1.6436272859573364,-2.3868331909179688,0.06291278451681137,0.8646519184112549,0.6661557555198669,1.114745855331421,1.3549771308898926,-0.7874583601951599,-1.696905493736267,0.262292742729187,0.2945452630519867,-0.3621223270893097,0.2587133049964905,-0.9047046899795532,-0.7145315408706665,0.28169625997543335,0.11706267297267914,0.5557564496994019,-0.5324097871780396,-0.8033994436264038,-1.7943421602249146,-2.5286457538604736,-0.31740713119506836,-0.21899382770061493,-0.01170369703322649,-0.7405670285224915,0.5236138701438904,-1.4444721937179565,-0.6299128532409668,-0.030413446947932243,-0.9553779363632202,0.2833985686302185,1.1833165884017944,0.42490142583847046,-0.1860480010509491,-0.3532848358154297
amazon-tools.csv,-1.0941946506500244,0.080872543156147,0.15929919481277466,-1.175522804260254,-0.632438063621521,-0.6530604958534241,1.2810920476913452,-0.04641231521964073,0.4641443192958832,0.9960001111030579,0.27839723229408264,1.8297396898269653,0.7073989510536194,-0.6642605066299438,0.7043631076812744,-0.0050645326264202595,-0.9680384993553162,1.0635876655578613,-0.6656622290611267,1.420425295829773,0.43244603276252747,-0.029533691704273224,0.7077928185462952,0.477708637714386,-0.020345810800790787,2.1074554920196533,-1.5226445198059082,-1.393872857093811,1.302149772644043,-0.4216039478778839,0.6055300235748291,-1.4958062171936035,0.22625063359737396,1.4450844526290894,-1.0422967672348022,-1.649394154548645,1.8940229415893555,-0.6782580018043518,0.7170025110244751,0.5803347826004028,0.581213653087616,-0.8479154109954834,0.22457623481750488,-1.5736656188964844,-1.3937958478927612,0.9776074886322021,-0.9770398139953613,0.1696046143770218,-1.2396202087402344,-0.15784552693367004,-0.5584785342216492,-0.4951154589653015,0.5926241874694824,0.31386828422546387,-1.6885966062545776,-1.2663774490356445,-2.032850742340088,0.24640679359436035,1.6289345026016235,0.546863317489624,1.3131885528564453,-0.9478840827941895,-0.13925930857658386,0.4886215925216675,1.0807459354400635,-0.03771766647696495,0.714763343334198,-0.8956483602523804,0.6261300444602966,-0.12496620416641235,-0.949102520942688,-0.08337640017271042,-1.2731794118881226,0.9834315776824951,0.5212698578834534,0.1770695447921753,-1.1878080368041992,-1.653872013092041,0.07084285467863083,1.2379872798919678,0.23140594363212585,-1.6432836055755615,-0.3687865734100342,0.5846126675605774,-3.026094436645508,-0.5308030843734741,-0.45601746439933777,-0.6115628480911255,0.523770272731781,0.3118797242641449,-0.7559385895729065,1.636228084564209,-2.3810620307922363,-0.09185459464788437,0.18158216774463654,-0.9539211988449097,0.6234124898910522,0.9421244263648987,-0.5762547254562378,0.7596436738967896,1.046600341796875,-0.06600569188594818,-1.9763767719268799,-1.784217119216919,1.903267502784729,0.08861970901489258,0.518902063369751,0.291101336479187,-0.2559534013271332,1.3480924367904663,-0.18301604688167572,0.16598932445049286,0.8037541508674622,1.2167928218841553,-0.5806425213813782,0.8248915672302246,-0.5823922753334045,-0.7227362990379333,-0.10871900618076324,-2.3349766731262207,-0.25211867690086365,-0.9629931449890137,-0.40360110998153687,-0.819622278213501,0.6120625734329224,0.08059847354888916,-0.3272970914840698,1.6221086978912354,0.30745357275009155,0.9246987104415894,-0.12052173912525177,1.613696575164795,-0.8276075124740601,-0.4567085802555084,-0.8709853291511536,-0.7376974821090698,-0.3110216557979584,-0.17199328541755676,0.3466106057167053,-0.9589799046516418,-1.1142150163650513,1.7081254720687866,-0.7285196781158447,-0.6105117201805115,-0.9569758176803589,-0.5500972270965576,0.49621978402137756,0.47913968563079834,0.9475761651992798,0.3311566710472107,0.8896151185035706,-0.6452724933624268,0.6084392666816711,0.3349834084510803,-0.6060374975204468,-1.1769441366195679,0.09612082690000534,-1.0090388059616089,0.24766451120376587,0.3485254943370819,-0.31369203329086304,-1.4232349395751953,0.14719326794147491,1.04145348072052,2.545473098754883,-2.1783695220947266,-0.009242978878319263,-0.19208121299743652,0.8654923439025879,-0.16304044425487518,-0.34236422181129456,-0.1739925742149353,-2.309816598892212,-1.460121512413025,0.4258204996585846,-0.7197675108909607,-0.9217110872268677,0.25194060802459717,-1.155652642250061,0.893322765827179,-0.3750344216823578,0.25960609316825867,2.266132116317749,-0.7010694742202759,-1.2879900932312012,-0.9559134840965271,-0.8249085545539856,-1.5656589269638062,0.26306745409965515,-2.2054765224456787,0.5993553996086121,-0.3928413689136505,-0.7415817379951477,1.1979862451553345,-1.0316087007522583,-0.014501450583338737,1.1013820171356201,0.9580909609794617,-0.3626096248626709,-0.054782308638095856
amazon-home.csv,-1.179987907409668,0.04952818527817726,0.03732071816921234,-0.7218844890594482,-0.38906043767929077,-0.04521571844816208,0.7367724180221558,-0.3320724070072174,-0.4195305109024048,0.6872133016586304,-0.45363378524780273,0.7546219825744629,1.3017948865890503,-1.0376794338226318,0.4683361351490021,-0.36814841628074646,-0.4778110384941101,1.034109354019165,-0.3760829269886017,1.1585533618927002,0.2542547881603241,-0.3431687653064728,0.485017329454422,-0.5858099460601807,0.42518630623817444,1.8630337715148926,-1.554383397102356,-0.2864166498184204,0.41420868039131165,-1.2124110460281372,0.2174006849527359,-1.3927499055862427,-0.258407860994339,2.1222071647644043,-1.4283360242843628,-0.51656574010849,2.418621301651001,-0.07661060988903046,-0.09763083606958389,0.7902896404266357,0.42241546511650085,-1.0326833724975586,0.07473190873861313,-2.0157124996185303,0.01223120279610157,0.7085106372833252,0.023773780092597008,-0.6857391595840454,-1.015904426574707,-0.41534996032714844,-0.8630285263061523,0.23670324683189392,0.2987203001976013,-0.7940001487731934,-0.336421400308609,-1.1360772848129272,-0.5141587257385254,-0.1634332686662674,2.0559170246124268,0.8840627670288086,0.7570748329162598,-0.2091766744852066,-0.27563539147377014,0.21424049139022827,0.9349607229232788,-0.14321856200695038,1.6046380996704102,-0.5671513676643372,-0.6554833054542542,0.16144734621047974,-0.5635510087013245,0.8855763673782349,-0.8611698150634766,2.1803932189941406,0.2377222180366516,1.079349398612976,-2.203234910964966,-0.7015417814254761,0.41397374868392944,1.1633511781692505,-0.8104598522186279,-1.9978525638580322,-0.3553928732872009,1.852247714996338,-2.0930442810058594,-0.38452526926994324,0.349800705909729,-1.4575698375701904,-0.20921295881271362,0.6115255355834961,-0.17657653987407684,1.9459184408187866,-1.5362237691879272,-1.152610182762146,-0.28724244236946106,-1.176346778869629,-0.2949506938457489,-0.19619505107402802,-0.5262191891670227,1.0659711360931396,1.6963025331497192,-0.5206406116485596,-1.530970811843872,-1.4407230615615845,1.2134476900100708,-0.9743932485580444,0.6898548603057861,-0.40599197149276733,-0.47330594062805176,0.9384236335754395,-0.021718565374612808,-0.45739951729774475,1.7790297269821167,1.587837815284729,-0.5502527952194214,0.33497393131256104,0.2419690042734146,-0.5241112112998962,0.055350154638290405,-0.7799239754676819,-0.0313359834253788,0.022342054173350334,0.09431249648332596,-0.7433239817619324,0.6538019776344299,-0.8881719708442688,-1.087770938873291,0.5477192401885986,-0.8544209599494934,1.0187171697616577,1.422899603843689,1.5711719989776611,-2.2943484783172607,-1.3863662481307983,-0.5908881425857544,-1.4524613618850708,-0.24683915078639984,-0.6123470664024353,0.1220211610198021,0.04219198226928711,-0.27777713537216187,0.5671243667602539,-0.9839267134666443,-1.4062886238098145,0.0021108384244143963,-0.1477356255054474,1.0730597972869873,0.02811775729060173,0.2766662538051605,-0.5903915166854858,0.0613531619310379,0.27594462037086487,0.6419054269790649,1.2375568151474,-1.5626310110092163,0.29672083258628845,-0.6666474938392639,-1.4398375749588013,0.03654715418815613,1.6383819580078125,0.18130308389663696,-0.8395838141441345,1.1586729288101196,2.0243237018585205,2.5630855560302734,-0.845960795879364,-0.6326150298118591,0.2546866238117218,1.212775707244873,-0.13028135895729065,0.571229875087738,-0.8283700346946716,-1.8212857246398926,-1.1601661443710327,0.545643150806427,-0.8573289513587952,-0.2525787353515625,-0.4605192542076111,-0.3248837888240814,0.8233779072761536,-0.08847295492887497,-0.43868589401245117,1.3471124172210693,-0.1371234804391861,-1.0360733270645142,-1.1802330017089844,-0.12940861284732819,-0.8579094409942627,-0.2970215082168579,-2.776350736618042,1.0047764778137207,-2.423229455947876,-0.248002827167511,0.853627622127533,-0.726856529712677,1.4069437980651855,1.4475247859954834,1.4143754243850708,0.820106029510498,0.49478811025619507
movielens100k.csv,-1.1437636613845825,0.06500694155693054,-1.1981794834136963,-3.1078481674194336,-1.4033029079437256,-1.3995798826217651,2.149765729904175,0.05582693964242935,-1.5971726179122925,-0.49707886576652527,-0.686587929725647,0.01356521062552929,1.875661849975586,-0.5690794587135315,-0.03191608935594559,0.33057478070259094,-0.22196705639362335,-0.4885269105434418,-0.5142574310302734,0.9477874636650085,1.346394419670105,-1.434669852256775,0.5030592083930969,0.9832319021224976,0.8045206069946289,-0.05781426653265953,-1.0841842889785767,-0.690077543258667,-0.14034010469913483,-0.5990551114082336,-0.04924207180738449,-0.6677817106246948,0.4945586919784546,0.24789273738861084,-0.5975224375724792,0.12836089730262756,0.345226913690567,0.42435985803604126,1.038338541984558,1.8483179807662964,1.11712646484375,-0.7338891625404358,-0.8657797574996948,-3.199981927871704,1.578861951828003,0.0632815882563591,0.8279540538787842,0.1142452284693718,-0.9210574626922607,0.07712070643901825,0.1439831703901291,0.7221555113792419,1.4118554592132568,1.6199235916137695,-0.20386546850204468,-0.685529351234436,-1.7948657274246216,0.2547893226146698,1.410852313041687,0.8403199315071106,-0.4617144763469696,0.944315493106842,-0.8765254020690918,0.3546157479286194,-0.2070864886045456,-0.6084027290344238,1.1735199689865112,-0.5073522329330444,-0.29158836603164673,-0.12363279610872269,-0.15436819195747375,0.5094023942947388,-0.5480374693870544,2.082339286804199,0.15324445068836212,-0.14964359998703003,0.04034489393234253,-0.6334061622619629,0.33708709478378296,0.7796143889427185,-1.0686097145080566,-0.6023381352424622,-1.4654128551483154,-0.1444810926914215,-1.7074365615844727,0.6494393348693848,0.8854555487632751,0.518871009349823,0.3845396339893341,-0.12865328788757324,0.06793441623449326,0.9423191547393799,-0.26966673135757446,-1.2039347887039185,-0.09666500985622406,-0.722686231136322,-0.13354162871837616,0.44948911666870117,-1.2903196811676025,1.9596484899520874,-0.5328546166419983,-0.7118561267852783,-1.8181270360946655,-1.2846875190734863,1.3485356569290161,1.1508121490478516,1.3825932741165161,-0.07984856516122818,-0.14705601334571838,0.6724806427955627,0.8304399847984314,0.61811763048172,0.45357510447502136,0.7368355989456177,0.19083093106746674,1.9086607694625854,-1.7688939571380615,-0.7308382391929626,-1.3545029163360596,-0.7546907663345337,-0.017110547050833702,-0.3962549865245819,0.35838770866394043,0.3913843631744385,0.3479522168636322,-0.50319904088974,-0.8599701523780823,-0.2740928828716278,-0.7279983162879944,0.1932733952999115,0.6248971819877625,-0.09420911967754364,-0.9727705717086792,-0.2068636119365692,0.03745543956756592,-0.4867699444293976,0.4526241719722748,-0.7510740160942078,1.1605243682861328,-0.8084917664527893,0.4503924250602722,0.3339230418205261,-0.8126012086868286,0.3178917169570923,-1.0571506023406982,-0.28665053844451904,1.626057505607605,0.055969707667827606,-0.6440208554267883,0.320299357175827,1.3664876222610474,1.218713641166687,2.2324130535125732,-0.5452238917350769,-1.1041595935821533,-1.1669846773147583,-1.1104625463485718,-1.441798210144043,1.7212761640548706,0.4886876046657562,2.0756759643554688,-1.9498957395553589,0.3650344908237457,1.218750238418579,1.5168365240097046,-1.4797734022140503,-0.18093876540660858,0.14210237562656403,0.9077062606811523,-0.17784397304058075,-0.61586993932724,-1.0780677795410156,-0.29625803232192993,-0.29878222942352295,1.2549539804458618,-0.3357946574687958,-0.7706530094146729,-0.0172813069075346,-1.030432105064392,1.1818900108337402,0.28558632731437683,1.0108662843704224,2.1326141357421875,-0.922309935092926,-0.9994702935218811,-2.0006344318389893,0.4072282314300537,1.052953839302063,-0.26694244146347046,-0.8780126571655273,1.4613471031188965,-1.5346858501434326,0.7686335444450378,1.4164416790008545,-1.0479192733764648,-0.2566635012626648,0.003348081838339567,1.4530155658721924,1.3159860372543335,-1.0714666843414307
