movielens1m.csv,0.35634738206863403,-0.8503544330596924,-0.34195613861083984,0.4406360387802124,-0.9919747114181519,1.8946114778518677,1.0220319032669067,-0.06240276247262955,-0.412573903799057,1.4312466382980347,-0.0852120891213417,-0.045199789106845856,-0.7989505529403687,0.23365342617034912,-1.6520129442214966,-0.2834213078022003,0.1745593249797821,0.631953239440918,-0.39080482721328735,-0.017297709360718727,1.2879524230957031,-0.1141228899359703,0.3176862299442291,-1.4808714389801025,-0.7187851071357727,-0.9486914873123169,-1.2182252407073975,0.5382986068725586,1.8036612272262573,0.45089513063430786,-1.5236047506332397,0.4739852845668793,-0.8979743719100952,0.9001416563987732,-0.7917019724845886,-1.4140011072158813,2.37569522857666,-0.2921171486377716,0.8448854088783264,0.7064220905303955,0.2975766658782959,-1.0682916641235352,-0.0989900454878807,-0.5287966728210449,3.0801663398742676,-0.976525068283081,0.5753331184387207,-0.4475286602973938,-0.06655019521713257,0.2527472674846649
yahoo-movies.csv,0.04461121931672096,-2.2092928886413574,-0.8739668726921082,1.3133240938186646,-1.2345013618469238,0.8826587796211243,0.9142606258392334,-0.7309911251068115,1.930976390838623,0.8550079464912415,-0.4232015907764435,0.08827659487724304,0.6646913886070251,0.36978644132614136,-1.3144184350967407,-0.8622318506240845,0.14081454277038574,0.4683341681957245,-1.0702908039093018,0.2671455144882202,-0.47474217414855957,0.5871869921684265,-0.08388374000787735,-0.5685811638832092,-0.37766391038894653,1.1042901277542114,-1.5178114175796509,-1.1249085664749146,0.8231008648872375,1.0848848819732666,-0.5764432549476624,0.8012596964836121,0.6530923247337341,1.9647276401519775,0.07306139916181564,-1.1083049774169922,1.406161904335022,-0.4759862720966339,0.42085376381874084,0.7018210291862488,1.176730751991272,1.552164077758789,-0.2815045714378357,-0.9644866585731506,2.1148791313171387,-0.3649775981903076,0.6161295175552368,-1.0637022256851196,0.30230075120925903,1.3177874088287354
amazon-garden.csv,0.7617364525794983,-0.523274838924408,-0.4317954182624817,1.0124131441116333,-2.481388568878174,0.5323781371116638,0.05412666127085686,-0.6087484359741211,-0.17849692702293396,0.9326328635215759,-0.9581871628761292,0.6214327216148376,-0.8473987579345703,1.023784875869751,-0.7304813265800476,-0.21981194615364075,-0.3410716950893402,0.9811330437660217,-1.6385263204574585,-0.011217836290597916,0.42142513394355774,0.7307472825050354,0.759385347366333,-1.1562436819076538,-0.9710346460342407,0.4020808935165405,-1.1389102935791016,-3.0086090564727783,1.1553449630737305,0.7995303869247437,0.12465986609458923,0.40738701820373535,-0.2743160128593445,2.1115331649780273,-1.2249658107757568,-1.0334876775741577,2.5776777267456055,-0.4388696253299713,0.3129560649394989,0.16227105259895325,0.2084125280380249,-0.05311701074242592,0.545518696308136,-0.1626608669757843,0.976529598236084,-0.9195153713226318,0.5047639608383179,-0.2561943531036377,0.12067611515522003,-0.004340272396802902
amazon-clothes.csv,0.15817587077617645,-1.4748321771621704,-0.5817548632621765,1.334718942642212,-2.1091132164001465,1.0860079526901245,0.04597528278827667,0.3946746587753296,0.46074241399765015,-0.5665306448936462,-0.6383971571922302,1.1740165948867798,-0.6734190583229065,1.1806687116622925,-2.1006650924682617,0.3492904603481293,-0.2664925754070282,1.5607632398605347,-0.659375011920929,1.045861840248108,0.5174106359481812,0.2031804323196411,-0.23479801416397095,-1.8783448934555054,-1.4351590871810913,0.9493709206581116,-1.847408652305603,-1.470057725906372,-0.11429339647293091,0.4548690617084503,-0.23116564750671387,1.0960205793380737,-0.8470538258552551,1.8371444940567017,-0.5683634877204895,-0.7566887736320496,2.1146483421325684,0.3231064975261688,0.4590616524219513,0.4155917763710022,0.9973641037940979,-0.48365598917007446,1.1887401342391968,0.14486096799373627,0.7152988910675049,-0.30899494886398315,0.14530521631240845,0.014087450690567493,0.09102729707956314,-0.08984880894422531
amazon-instruments.csv,0.35915353894233704,-0.7112282514572144,-1.771865725517273,1.0504286289215088,-2.8347387313842773,1.0686695575714111,0.5884106159210205,-0.013752106577157974,0.6443502902984619,-0.20100338757038116,0.017541255801916122,0.5857502222061157,-1.3401936292648315,1.4286022186279297,-1.7442156076431274,-0.07517482340335846,0.5610088109970093,0.7028509974479675,-0.7223113179206848,0.08922609686851501,1.461588740348816,-0.11899377405643463,0.3938975930213928,-0.3348426818847656,-0.9302060604095459,0.9912668466567993,-0.8747277855873108,-1.245861291885376,0.7120338678359985,1.4608234167099,-0.6088571548461914,0.39937904477119446,0.011038674041628838,1.2529370784759521,-1.287045955657959,-1.3972597122192383,2.934495687484741,0.797813892364502,-0.3372059166431427,0.7138521075248718,-0.1531939059495926,-0.07618211954832077,0.7581244111061096,-0.37590163946151733,0.09971735626459122,-0.4679049253463745,0.08458368480205536,-0.503849983215332,0.2515231966972351,0.687898576259613
yelp.csv,1.1845829486846924,-0.2102723866701126,-1.7892779111862183,1.638344168663025,-1.6786072254180908,1.0618747472763062,1.7472137212753296,-0.27752405405044556,0.0081130750477314,-0.06110473349690437,-0.07236208766698837,0.709729015827179,-0.7257298231124878,0.9701188802719116,-0.43466588854789734,-0.11459555476903915,-0.5607151985168457,0.7845991253852844,-0.9084693193435669,-0.7667437791824341,0.04426705837249756,-0.44131016731262207,-0.4603273272514343,-1.1209807395935059,-0.29144755005836487,0.36650270223617554,-2.2893965244293213,-0.8535926342010498,0.4907647371292114,1.258031964302063,-0.7409041523933411,-0.5939038395881653,-0.6055342555046082,2.3522353172302246,0.40515732765197754,-0.7204036712646484,2.4066085815429688,-0.8588229417800903,0.6510845422744751,0.6543734073638916,1.8221869468688965,-0.4065283238887787,-0.15276648104190826,-0.42888787388801575,-0.4517812430858612,-1.4271249771118164,0.24699674546718597,-0.4104492962360382,-0.4815455973148346,0.35638344287872314
amazon-apps.csv,1.026050090789795,-0.9503540396690369,-0.8364689946174622,1.5028865337371826,-1.7748398780822754,3.139178514480591,1.3013691902160645,0.7655118703842163,0.008604031056165695,-0.40551480650901794,-1.511176347732544,0.9314724802970886,0.24690063297748566,0.0758778527379036,-0.8099596500396729,0.2670467793941498,-0.20082800090312958,0.5268229246139526,-0.9199698567390442,0.1683986783027649,0.6904500126838684,0.5852589011192322,0.030508529394865036,-0.9460664987564087,0.14489521086215973,-0.29478877782821655,-0.54830002784729,-0.9733088612556458,0.5075233578681946,1.3755372762680054,1.0628360509872437,-1.0773663520812988,-0.39704152941703796,1.4201794862747192,-1.6564728021621704,-0.8036107420921326,2.1750526428222656,-0.17596688866615295,-0.31218063831329346,0.2150067389011383,0.7189362645149231,0.22586072981357574,0.9930240511894226,0.5111868381500244,0.8938076496124268,-1.5948067903518677,0.8807096481323242,-0.22607623040676117,-0.28071165084838867,0.6746640801429749
amazon-food.csv,0.663784921169281,-0.9252535104751587,-1.0247604846954346,0.500562846660614,-1.8177556991577148,0.6723233461380005,1.2832087278366089,0.3242824077606201,0.688809335231781,0.7373989224433899,0.10412859171628952,0.6018021702766418,-0.5603394508361816,0.928061842918396,-0.9253870248794556,0.08179434388875961,0.11559992283582687,1.241618037223816,-0.7864060401916504,-0.413440078496933,0.7116730809211731,1.42096745967865,0.0788898766040802,-1.6456712484359741,-1.0834083557128906,0.4549124836921692,-1.3989468812942505,-0.9541247487068176,0.7416179776191711,-0.3611874580383301,-0.8139858841896057,1.0136034488677979,-0.49500489234924316,2.028181791305542,-2.0889291763305664,-1.4608862400054932,1.9401376247406006,-0.18464167416095734,1.2390673160552979,-0.29353755712509155,1.6550030708312988,-0.19989828765392303,1.491992712020874,-0.3578684329986572,0.34739550948143005,-1.3916664123535156,0.7178495526313782,0.2565193772315979,-0.26237308979034424,-0.3814866244792938
amazon-phones.csv,0.49040597677230835,-0.22192294895648956,-0.6797623038291931,1.090404748916626,-2.132387399673462,0.7286109328269958,0.7835225462913513,0.017290307208895683,0.6882253289222717,-0.18502144515514374,-0.628973662853241,0.9239490032196045,-1.2012536525726318,0.17968051135540009,-1.1085178852081299,0.08228621631860733,-0.32970646023750305,0.30533725023269653,-0.8202095627784729,0.7943636775016785,0.7810397148132324,0.4737022817134857,-0.14595428109169006,-0.25465044379234314,-0.355044960975647,1.3758913278579712,-0.9081557393074036,-1.530557632446289,0.6963194012641907,1.1557971239089966,0.05229043960571289,0.26843690872192383,0.3824443221092224,1.8384265899658203,-0.6680224537849426,-1.606014609336853,2.432662010192871,-1.0363318920135498,1.1894497871398926,-1.0834375619888306,1.2775673866271973,-1.0424823760986328,0.9386641383171082,-1.74528169631958,1.6555837392807007,-1.5357673168182373,-0.5327863097190857,0.040280941873788834,-0.45105257630348206,-0.15532568097114563
amazon-sports.csv,1.2197540998458862,-0.8190611600875854,-0.8708609342575073,1.2814091444015503,-2.3231167793273926,0.7887117862701416,-0.36591917276382446,0.4779970645904541,1.8125969171524048,-0.17257151007652283,0.46368300914764404,0.380699098110199,-0.10915258526802063,0.7789862155914307,-0.714313268661499,0.05999685078859329,-0.7285365462303162,1.1518759727478027,-1.7888562679290771,-0.07774581015110016,0.4812973439693451,0.045476071536540985,0.005442227702587843,-1.2377102375030518,-0.3656291663646698,0.716206967830658,-0.5180150270462036,-1.0977977514266968,0.7139710783958435,0.7808151245117188,-0.3580336570739746,0.3765018880367279,-0.47619757056236267,2.1383934020996094,-1.6759421825408936,-1.2095720767974854,2.620992660522461,0.16384819149971008,1.633996605873108,0.5027008652687073,0.5628472566604614,-1.0734955072402954,0.6774359941482544,-0.4733890891075134,1.0970088243484497,-0.3158549666404724,1.0128148794174194,0.06781917810440063,-0.4250069856643677,-0.5967785716056824
amazon-pet-supplies.csv,0.6394458413124084,-0.20205965638160706,-0.3544049561023712,0.8792691826820374,-1.24112868309021,1.086830973625183,-0.19966037571430206,0.19589710235595703,0.7282100319862366,0.7647601366043091,-0.6135779023170471,0.17843909561634064,-0.7145796418190002,0.6109449863433838,-1.1454522609710693,-0.4109863340854645,-0.374884694814682,0.7489591240882874,-0.5832206606864929,-0.4260208308696747,2.2298498153686523,0.36649319529533386,0.412116140127182,-0.5866313576698303,-0.4840610921382904,0.9885016679763794,-1.0685503482818604,-1.546260118484497,-0.013362984172999859,0.8918772339820862,-0.3032972514629364,1.2072322368621826,-0.4592968821525574,1.7099010944366455,-0.5292539000511169,-0.01768660731613636,3.498687982559204,0.04934752359986305,0.8858110904693604,0.08681460469961166,1.2160704135894775,-0.36009153723716736,1.274763822555542,-0.8951846957206726,0.06466183066368103,-1.9141514301300049,1.2921783924102783,-1.4299904108047485,-0.3918857276439667,0.09368907660245895
movielens100k.csv,0.016572581604123116,-0.2975277602672577,-0.5057893991470337,0.44153040647506714,-0.5380006432533264,0.352536678314209,-0.27125048637390137,-0.4849165976047516,0.3511461019515991,-0.44266629219055176,-0.5659490823745728,0.7540562748908997,-0.05448335409164429,0.8540892601013184,-1.4894129037857056,-1.3230477571487427,0.9978345632553101,0.9166246652603149,-2.475229024887085,-0.23686210811138153,0.5268900990486145,-0.4979701042175293,-1.9163671731948853,-1.8918439149856567,-1.3224836587905884,-0.10153620690107346,-0.6335489153862,-0.618150532245636,-0.6813024282455444,1.2263418436050415,-0.8901702165603638,-0.08491397649049759,-0.3292388617992401,0.7101153135299683,-1.7001938819885254,-1.3634170293807983,2.230985164642334,-0.6059795022010803,0.7802897691726685,0.001985363196581602,1.4184032678604126,0.2930600941181183,0.9741906523704529,0.5594884753227234,1.9241814613342285,-1.3485666513442993,0.6075235605239868,-0.6414133310317993,-0.6146823763847351,0.6061338186264038
amazon-health.csv,0.5981454253196716,-0.44067853689193726,-1.0153865814208984,1.7223243713378906,-3.0894858837127686,0.5208622813224792,0.601986289024353,-0.3030118942260742,1.2810328006744385,1.0511870384216309,-0.7671003937721252,1.7546494007110596,-0.31676623225212097,0.09176111221313477,-1.4886460304260254,-0.7939769625663757,0.2895694077014923,0.9168192744255066,-1.1747791767120361,-0.032282065600156784,0.9114241003990173,0.9440717697143555,0.21817466616630554,-0.9849087595939636,-0.33239153027534485,-0.2546898424625397,-1.1148428916931152,-0.9029471278190613,0.5771791338920593,0.7609657645225525,-0.4133659899234772,1.018944263458252,-0.6985145211219788,1.2349920272827148,-0.6576346158981323,-0.9407353401184082,2.687943935394287,0.11578915268182755,0.9096485376358032,0.06361772119998932,0.8382548093795776,-0.8532717823982239,0.7961944341659546,0.1935339719057083,0.32787755131721497,-0.9230591058731079,0.7971987724304199,0.3860418498516083,-0.9233021140098572,-0.5589239001274109
amazon-cd.csv,0.5091691613197327,-0.13154129683971405,-1.0537923574447632,0.5949321985244751,-1.3805930614471436,-0.3001289963722229,0.7045266628265381,0.36014533042907715,1.1992284059524536,-0.7800514698028564,-0.9444769620895386,0.04935654625296593,0.8034036159515381,0.8380987644195557,-1.805850863456726,-0.21056577563285828,-0.22243748605251312,0.5813194513320923,-0.25966718792915344,0.14655792713165283,0.9293001890182495,0.5521008372306824,0.776020884513855,-0.9215419292449951,-0.7562991380691528,0.9891334176063538,-1.721688151359558,-1.7345927953720093,1.5706005096435547,1.0726312398910522,-0.4818929135799408,0.8390008807182312,-0.5945289731025696,1.9420720338821411,-0.7881389856338501,-1.678837537765503,2.364832639694214,0.21919415891170502,0.3522913157939911,0.7252119779586792,0.2956916093826294,-0.8748920559883118,0.881382167339325,0.9082725048065186,0.8977829217910767,-2.256683588027954,-0.6303055286407471,-0.3453690707683563,0.09076547622680664,0.3687893748283386
movielens10m.csv,1.1962202787399292,-2.2864954471588135,-0.24158945679664612,0.13661189377307892,-2.165102958679199,-0.24336034059524536,0.9950001239776611,0.7419915199279785,-0.01774650439620018,0.6725037693977356,0.4457097351551056,0.6135827302932739,0.6555274724960327,1.7105063199996948,-1.3288265466690063,-0.4683779776096344,0.6950587630271912,0.13373252749443054,-0.755581796169281,-0.30920758843421936,0.9329376220703125,0.22730499505996704,-0.6504733562469482,-2.833341598510742,-0.3446155786514282,1.3255598545074463,-0.40004217624664307,-1.1153464317321777,0.30435600876808167,1.2990224361419678,-0.592476487159729,0.11280510574579239,0.01310135331004858,0.8960318565368652,-0.6084111332893372,-0.6729910969734192,1.9175854921340942,-0.5824391841888428,-0.1403309404850006,-0.11952216923236847,-0.3013516068458557,-1.1883621215820312,-0.8913424015045166,-0.8089113235473633,0.7574817538261414,-1.660213828086853,0.5849552750587463,-0.960465133190155,-1.1888763904571533,0.08567819744348526
tripadvisor.csv,-0.7784764170646667,-0.18613740801811218,-0.07370700687170029,1.0723892450332642,-2.0252575874328613,0.6536611318588257,0.4810402989387512,0.7750212550163269,0.2479063719511032,0.3651583790779114,-0.009359404444694519,1.3816238641738892,-0.3006289601325989,0.39144426584243774,-0.9144869446754456,-1.1324653625488281,-0.9728887677192688,-0.2643965482711792,-1.1001338958740234,0.1295192390680313,1.0101083517074585,1.5582994222640991,-0.4347703456878662,-1.883581519126892,-0.41493627429008484,0.2238757163286209,-0.38483962416648865,-1.2586966753005981,1.5653477907180786,2.1568543910980225,-0.7076892256736755,0.5033605098724365,-0.889005184173584,1.558772087097168,-1.2110748291015625,-1.1771888732910156,1.9725311994552612,0.3604535162448883,0.6670723557472229,0.8615785241127014,1.511878252029419,0.06023047864437103,0.545344889163971,-0.7997840642929077,0.03429179638624191,-1.4038746356964111,0.616305410861969,-0.46642252802848816,0.3387352228164673,1.3946969509124756
amazon-games.csv,-0.2604095935821533,0.07554566860198975,-0.7937628626823425,1.0297083854675293,-2.1228976249694824,0.7789312601089478,0.6436564922332764,-1.3755625486373901,1.8690617084503174,0.2824733555316925,-0.4052286446094513,0.33580437302589417,0.12161514163017273,0.6290996670722961,-1.1243042945861816,0.4934108257293701,-0.5484353303909302,-0.25663304328918457,-0.6771150827407837,-0.32369738817214966,2.2159619331359863,-0.6284756660461426,-0.3365756571292877,-1.7556886672973633,-1.357107162475586,0.30088943243026733,-0.6895204186439514,-1.55461585521698,0.9952439665794373,0.004602977540344,0.4792211651802063,-0.06246181204915047,0.24439691007137299,1.532483458518982,-1.046786904335022,-1.5260822772979736,2.5176260471343994,0.194211944937706,0.9214247465133667,0.4996471703052521,1.6400436162948608,-0.46699047088623047,1.010936975479126,-0.04166184738278389,0.5841425657272339,-0.011186321265995502,0.27812886238098145,-0.6571603417396545,-0.9713121652603149,0.7314077019691467
bookcrossing.csv,-0.01625913940370083,-0.8671503663063049,-0.37680038809776306,0.13781510293483734,-2.5794143676757812,0.7912351489067078,0.3830265998840332,-0.30184119939804077,0.5872804522514343,-0.3713241219520569,0.8270831108093262,0.9575759172439575,0.517379641532898,-0.25097328424453735,-1.317254900932312,0.8719661831855774,0.2659250795841217,1.7548961639404297,-0.4082777500152588,0.22497940063476562,1.1895185708999634,-0.259929358959198,-0.567879855632782,-0.5545646548271179,-0.9870921969413757,0.28620007634162903,-0.8237681984901428,-1.3806802034378052,1.1906944513320923,2.183773994445801,-0.3609541654586792,0.36582475900650024,-1.3164966106414795,1.3993268013000488,-0.7149876356124878,-0.135215163230896,2.2343971729278564,-1.0613634586334229,0.584946870803833,1.4769225120544434,0.9638739228248596,0.20081450045108795,1.021754503250122,-0.9305716156959534,1.095916748046875,-1.6389118432998657,0.9859049916267395,0.3174481987953186,-0.6192392110824585,0.04026149958372116
amazon-baby.csv,0.748997688293457,-0.35214003920555115,-0.41824573278427124,0.39092251658439636,-1.6830964088439941,1.2585409879684448,0.9816055297851562,-0.2733045220375061,1.1705198287963867,0.033796489238739014,-0.43571993708610535,0.293256551027298,-0.9872207641601562,0.1862681359052658,-1.57512629032135,0.15181492269039154,1.2043592929840088,0.7427844405174255,-0.7587382197380066,0.03039148636162281,1.2931255102157593,0.8742127418518066,-1.3715126514434814,-1.3926697969436646,-0.6482143402099609,1.4622071981430054,-1.509665846824646,-1.1078674793243408,0.9935711622238159,1.3870115280151367,1.0778529644012451,1.362686276435852,-0.6447218656539917,2.349195718765259,-1.5099904537200928,-0.30488935112953186,1.9519392251968384,-0.07809679955244064,1.6179591417312622,-0.15984365344047546,0.2322292923927307,0.08780260384082794,-0.17283323407173157,0.1680116504430771,-0.12326642870903015,-1.3521039485931396,0.21849091351032257,0.06007693335413933,0.11601831018924713,0.864154577255249
amazon-instant-video.csv,0.3670099675655365,-0.7467368245124817,-2.125523328781128,1.6973204612731934,-1.309389591217041,0.9579008221626282,0.2793703079223633,-0.35872066020965576,0.850976288318634,0.6064590215682983,0.5885192155838013,1.3900163173675537,-0.19161158800125122,-0.6431121826171875,-0.9233286380767822,0.7443904280662537,0.18500852584838867,-0.06918580830097198,-0.8522492051124573,0.5469487905502319,1.3046507835388184,1.1150267124176025,-0.7113392353057861,-1.3756449222564697,-0.3433540165424347,0.8344804048538208,-0.33111464977264404,-1.4900354146957397,0.613470196723938,0.739548921585083,-0.5466208457946777,0.6004922986030579,-0.9622896313667297,2.4654037952423096,-0.2991569936275482,-1.1966490745544434,3.1461780071258545,0.18309460580348969,0.03972248360514641,0.5270814299583435,-0.17288443446159363,-0.40379175543785095,0.6484141945838928,0.4039769768714905,0.925005316734314,-0.8341347575187683,0.4969545602798462,-1.0553375482559204,0.1396723985671997,-0.5122811198234558
amazon-kindle.csv,0.45739760994911194,-0.9441057443618774,-1.1548199653625488,1.6679188013076782,-1.5120691061019897,1.5426851511001587,-0.14529450237751007,-0.23871727287769318,1.2122002840042114,-0.20733115077018738,0.4795660972595215,1.2786325216293335,-0.36980104446411133,1.064698338508606,-1.2149932384490967,-0.1822393536567688,-0.22256918251514435,0.8380043506622314,-1.393466830253601,-0.8060729503631592,0.9419503211975098,0.09847671538591385,0.015967078506946564,-0.9574291110038757,-0.5402092933654785,0.8625154495239258,-1.610212802886963,-1.020609974861145,1.1023362874984741,0.1595340073108673,-0.8409374356269836,0.4732968807220459,-1.1258872747421265,1.935007095336914,-0.3895825743675232,-0.457757830619812,2.6679158210754395,-1.1156641244888306,0.9018315672874451,-0.8425621390342712,-0.24265684187412262,-0.11957388371229172,1.6438578367233276,0.10186150670051575,0.4806451201438904,-1.044068694114685,0.594753623008728,0.8132060170173645,-0.122991181910038,1.2195841073989868
jester3.csv,-0.4666438698768616,-1.7991855144500732,-0.16847480833530426,1.7385976314544678,-1.2704168558120728,1.128100872039795,1.5869863033294678,-0.5923932790756226,0.4558102488517761,-0.5117754936218262,-0.2120831310749054,0.09272569417953491,0.7244430184364319,1.640142560005188,-0.888185441493988,-0.9083324074745178,0.7445551753044128,-0.1880587637424469,-0.9719157814979553,-0.3349922001361847,1.3694294691085815,0.5818622708320618,-1.1737920045852661,-0.8174238204956055,-0.624267041683197,-0.4835412800312042,-0.4962742328643799,-1.3623967170715332,0.7319542169570923,0.1810125708580017,-0.913453996181488,0.02673344872891903,-0.34027692675590515,1.6458959579467773,-0.7068895101547241,1.4682388305664062,2.2370762825012207,0.5387046933174133,0.39294764399528503,-0.11653260141611099,0.8047491312026978,-1.539890170097351,0.9109129309654236,-1.0630615949630737,1.3913646936416626,-0.9778444170951843,0.3476744294166565,-0.4806392192840576,1.7691543102264404,-0.23335596919059753
movietweetings_recsys2014.csv,1.0221049785614014,-0.3150189518928528,-0.3200857639312744,1.6503239870071411,-1.598868489265442,1.2219641208648682,1.2925677299499512,0.18471333384513855,0.8397664427757263,0.2504657506942749,0.7279723286628723,1.7926968336105347,-0.41925516724586487,0.48808130621910095,0.6961963772773743,-0.7462438344955444,0.1361856609582901,0.5531699061393738,-0.21531011164188385,-0.32052919268608093,0.44779637455940247,-0.9409478902816772,-0.23447230458259583,-0.4472184479236603,-2.145995855331421,0.09689077734947205,-1.0737724304199219,-1.4166765213012695,-0.007015044800937176,1.0485458374023438,0.2262762188911438,1.7509616613388062,-0.4004998505115509,1.2848305702209473,-1.0383527278900146,-0.5114235877990723,1.4170124530792236,1.381352186203003,0.3074200749397278,0.3915451169013977,0.3899571895599365,-0.43484896421432495,0.00963757187128067,0.4013849198818207,2.1268022060394287,-2.418604612350464,0.5834835171699524,-0.8648423552513123,-0.5039337873458862,0.9849928617477417
amazon-movies.csv,0.6960656642913818,-1.4297972917556763,-0.25376710295677185,1.1507947444915771,-2.237558364868164,1.1636463403701782,0.4770517647266388,-0.7930219769477844,0.47672054171562195,0.2111111432313919,-0.2424575239419937,-0.3725716769695282,0.6357720494270325,0.54078209400177,-0.2893291115760803,-0.8825764060020447,-1.3770016431808472,-0.1442248672246933,0.2871609628200531,0.38270682096481323,0.433867484331131,-0.9493606686592102,-1.1645504236221313,-1.228955626487732,0.413446843624115,0.1999749392271042,-0.4769308269023895,-1.9180585145950317,1.0241752862930298,0.6949813365936279,-0.6022100448608398,1.8840305805206299,-1.2528719902038574,1.2217094898223877,-1.7504148483276367,-1.8326044082641602,2.634795665740967,-0.03240140900015831,0.20133614540100098,-0.3369884490966797,0.5846230387687683,0.4024103283882141,0.6427072882652283,-0.23787476122379303,0.3904420733451843,-1.7510416507720947,0.5390975475311279,-0.11886376142501831,0.03195378929376602,-0.3056517243385315
amazon-beauty.csv,0.6359652876853943,-1.054115891456604,-0.9282223582267761,1.5557160377502441,-1.2849252223968506,0.492063969373703,0.8352388143539429,-0.5582299828529358,0.3149757981300354,-0.32504090666770935,-0.36955225467681885,1.6512571573257446,-0.4847990870475769,1.6879510879516602,-0.8555689454078674,-0.010557357221841812,-0.3332483172416687,0.967709481716156,-0.594764232635498,-0.008244526572525501,1.0550129413604736,0.9672694206237793,-0.20071347057819366,-1.5229880809783936,-0.9697003364562988,0.8094379305839539,-1.2122188806533813,-0.2844929099082947,1.2757693529129028,0.5201019048690796,0.42241257429122925,0.40613609552383423,0.40189415216445923,1.5794463157653809,-1.9657132625579834,-0.9784924983978271,2.446871280670166,-0.04884231463074684,1.4896807670593262,0.5635403394699097,0.4304461181163788,0.5263797044754028,1.3573427200317383,-0.8544958233833313,0.5754814147949219,-1.6015208959579468,-0.1754274070262909,-0.8946370482444763,-0.8314501047134399,-0.8724826574325562
movielens20m.csv,-0.42962831258773804,-0.32963165640830994,0.08481810986995697,2.044142007827759,-1.4058237075805664,1.467636227607727,1.2433998584747314,-0.06818913668394089,-0.23524537682533264,-0.7174917459487915,0.413983017206192,0.18971554934978485,0.25415924191474915,0.3727209270000458,-1.4197323322296143,-0.10904392600059509,1.4639099836349487,0.531660258769989,0.4520554542541504,-1.4604278802871704,-0.33943238854408264,0.6422372460365295,-0.1141316294670105,-1.5597236156463623,-1.0488636493682861,-0.21010325849056244,0.33039620518684387,-1.18778395652771,0.48189157247543335,1.162499189376831,-0.6060028076171875,1.527915596961975,1.1675865650177002,2.1208817958831787,-0.5802233219146729,-1.4658751487731934,2.8784866333007812,-1.4233850240707397,0.4654216170310974,0.1626042127609253,0.8573489785194397,-0.7187680006027222,0.08531073480844498,0.3415636420249939,0.9705209136009216,-0.6783025860786438,0.5525926351547241,0.049632478505373,-0.3164307475090027,0.24151746928691864
flixter.csv,2.220675230026245,-0.9111703634262085,-0.6249673962593079,-0.09555982053279877,-0.8613526821136475,1.8824559450149536,0.8344284892082214,-1.8563282489776611,1.1051443815231323,-0.9199479818344116,0.2878003418445587,0.8756294846534729,-0.4719182848930359,0.7818887233734131,-1.1348845958709717,-1.7315925359725952,-0.19866736233234406,-0.2956477105617523,-0.12847916781902313,-0.49755558371543884,0.5618807077407837,1.1415520906448364,0.7096331715583801,-2.008646249771118,-1.0518614053726196,0.6358187794685364,-0.6179423928260803,-1.298796534538269,0.5837240219116211,1.7015089988708496,-0.6651067733764648,0.5643076300621033,-0.7884473204612732,0.6488654017448425,-0.719463050365448,-0.7134097218513489,1.7892005443572998,-0.9224130511283875,0.015042457729578018,1.2897891998291016,1.1478937864303589,-0.9701091647148132,1.1088618040084839,-0.08355521410703659,1.001704216003418,-0.31102484464645386,0.5548178553581238,-0.668369472026825,0.19452686607837677,-0.2759113907814026
amazon-automotive.csv,0.32651761174201965,-0.7648910284042358,-0.9185986518859863,0.5026178359985352,-1.5291624069213867,0.7085365653038025,-0.24503093957901,0.118216872215271,0.9916012287139893,-0.8197224736213684,-0.37324798107147217,1.2069382667541504,-0.6866781115531921,0.7713334560394287,-1.8694939613342285,-0.2600882649421692,-0.4174392521381378,0.8105332255363464,-0.5331151485443115,0.30372729897499084,0.88105708360672,0.537697970867157,-0.9497200846672058,-0.7858326435089111,-0.9462272524833679,-0.03955778479576111,-1.5565223693847656,-1.4466238021850586,1.2892003059387207,-0.7293426394462585,0.031818002462387085,0.5098292827606201,-0.0662948340177536,2.0709927082061768,-1.2087771892547607,-1.240207552909851,3.1699411869049072,-0.18762415647506714,0.03919307142496109,0.52170330286026,1.1391578912734985,-0.7539621591567993,-0.08477514982223511,-1.0856738090515137,0.46916529536247253,-1.6615372896194458,1.3265634775161743,0.07059888541698456,0.08677950501441956,0.5495734214782715
jester2.csv,0.9090802669525146,-1.2020400762557983,-0.6388832330703735,1.6354446411132812,-2.3298230171203613,0.9090826511383057,-0.03726248815655708,-0.2998164892196655,0.36991894245147705,-0.11672818660736084,-0.8717867732048035,-0.6567836999893188,-0.46547478437423706,0.8812922239303589,-1.336855411529541,-0.604866623878479,-0.9381483793258667,0.6661204695701599,0.43919071555137634,-0.9124714732170105,1.0830806493759155,1.9024381637573242,-1.8759441375732422,-0.314218670129776,-1.9014275074005127,0.5551323890686035,-0.3973920941352844,-0.8374063968658447,1.0525219440460205,1.0745189189910889,-1.3328657150268555,-0.4269930124282837,-0.09723096340894699,1.3999061584472656,-0.46815088391304016,-0.3786134421825409,1.2636373043060303,-0.3584337532520294,1.2204318046569824,0.5980499386787415,0.4328004717826843,-0.7659015655517578,0.19742117822170258,0.8755975961685181,1.5553447008132935,-1.1457340717315674,0.8557102680206299,-0.2595685124397278,-1.1773738861083984,0.804332971572876
amazon-toys.csv,0.1140243336558342,-0.29832589626312256,-1.5595375299453735,0.4199972450733185,-2.7521564960479736,1.1273658275604248,0.005925966426730156,-0.10411494970321655,0.6490824818611145,0.7621827721595764,0.35695481300354004,0.7275731563568115,-0.4123571515083313,1.4698976278305054,-1.4113491773605347,0.4391513466835022,-0.6090073585510254,-0.1407536417245865,-1.4737120866775513,0.4637923836708069,0.5534416437149048,0.3281202018260956,-0.9829356074333191,-0.6885161399841309,-0.3672093152999878,0.5948901772499084,-1.2029958963394165,-0.9161440134048462,1.08826744556427,1.052087426185608,0.15261520445346832,1.0180386304855347,0.7281432747840881,1.8175736665725708,-1.1054805517196655,-0.8321661949157715,1.9851627349853516,-0.560333251953125,0.27384263277053833,0.900507390499115,1.4485934972763062,-1.0523087978363037,1.0749787092208862,0.2776237428188324,1.2263342142105103,-1.8749046325683594,0.9337548017501831,-0.2495572715997696,0.3122144043445587,-0.3500319719314575
amazon-tools.csv,0.36758047342300415,0.20340901613235474,-0.7746955156326294,0.7579215168952942,-1.7865900993347168,2.072932243347168,0.4528500437736511,-0.7230793833732605,1.049182653427124,-0.52178555727005,-0.4451301395893097,0.49257826805114746,0.13598868250846863,0.7825518846511841,-1.1736443042755127,0.6563995480537415,0.19348177313804626,-0.14486300945281982,-1.955847144126892,0.19333645701408386,0.7941914796829224,0.9097556471824646,-0.24441345036029816,-0.6861582398414612,-0.8484668731689453,0.1181340292096138,-2.0114998817443848,-1.7485357522964478,0.9040654897689819,0.7570675611495972,-1.1875325441360474,0.9212062954902649,-0.09136956185102463,1.3859256505966187,-1.810313105583191,-0.6421377658843994,2.616102457046509,-0.07964471727609634,0.7246062755584717,-0.4494197964668274,0.18079565465450287,0.1884639859199524,0.06349733471870422,-1.1668933629989624,0.4761715531349182,-1.3565675020217896,0.8933899998664856,0.028685668483376503,-1.0559260845184326,-0.4139249324798584
movietweetings_latest.csv,0.20519162714481354,-1.1414514780044556,-1.4111344814300537,0.43507206439971924,-1.1045598983764648,0.8913043737411499,1.0394046306610107,0.007049583364278078,-0.19613119959831238,0.537627637386322,0.23856526613235474,0.5132111310958862,-0.021620571613311768,0.20855365693569183,-0.7621848583221436,-1.4425406455993652,0.1816682368516922,0.49574020504951477,0.2649614214897156,-0.014183499850332737,1.3713088035583496,0.18735671043395996,-1.29070246219635,-1.32826566696167,0.09179548174142838,-0.6041005253791809,-2.491525411605835,-2.3948748111724854,0.4705611765384674,1.7269705533981323,-0.5387563705444336,0.2993634343147278,0.9760040044784546,2.0795481204986572,-0.42708244919776917,-1.1677271127700806,1.0631787776947021,0.3262788653373718,0.7778546810150146,0.1806676834821701,-0.5065761804580688,-0.4942249357700348,2.442586898803711,-0.19329838454723358,0.9637773633003235,-0.6847142577171326,0.7186856865882874,-0.10711541026830673,-1.110479474067688,0.26418447494506836
yahoo-music.csv,0.4415976107120514,-1.2417405843734741,-0.8722749352455139,-0.06778045743703842,-1.614050269126892,0.49586743116378784,1.6573208570480347,-0.7170147895812988,-0.5349006056785583,-0.20738065242767334,-0.15423980355262756,0.7302373647689819,0.6634240746498108,1.2753353118896484,-1.1612430810928345,-1.088112711906433,-0.6316891312599182,-0.9156817197799683,-0.9966625571250916,-0.0784151554107666,0.7174105644226074,1.410603404045105,0.20931439101696014,0.3122205436229706,-0.6600198149681091,-0.32368597388267517,-0.3188265264034271,-0.658454179763794,-1.1821130514144897,0.20635122060775757,0.2104368358850479,0.89666748046875,-1.2280412912368774,2.4265434741973877,-0.8628948926925659,-1.298734426498413,2.5704457759857178,-0.8043861389160156,1.2620567083358765,0.3839002549648285,-0.1321561336517334,-0.7428861856460571,0.466596394777298,0.027366075664758682,1.6265302896499634,-0.5396837592124939,0.9017210602760315,-0.3276931047439575,-1.1852363348007202,1.6679438352584839
amazon-home.csv,-0.12114158272743225,-0.44783371686935425,-1.6096019744873047,0.7326828241348267,-1.3479446172714233,1.1976391077041626,0.672411322593689,0.3360133767127991,0.455705463886261,-0.22558479011058807,-0.12138954550027847,0.969868004322052,0.33617907762527466,0.6202523112297058,-0.11294000595808029,0.48028746247291565,-0.2855767607688904,1.2383906841278076,-1.0512895584106445,0.0009798399405553937,1.6448819637298584,1.1828792095184326,-0.03074224852025509,-1.181097149848938,-0.6450674533843994,1.3994396924972534,-1.4707239866256714,-1.4344619512557983,0.3140465021133423,1.045655608177185,0.07003048062324524,1.4557061195373535,0.31508195400238037,0.9545177221298218,-1.2239677906036377,-1.2108983993530273,3.249485969543457,-0.5412590503692627,1.0985298156738281,0.9149351716041565,0.8333620429039001,-0.9399158358573914,0.8705003261566162,-1.0334609746932983,1.1402111053466797,-0.3684467375278473,0.45380136370658875,0.7077187895774841,-0.2629644572734833,0.5167275667190552
amazon-office.csv,-0.2517455816268921,-0.36982056498527527,0.2520661950111389,1.0428794622421265,-2.4047396183013916,0.9415703415870667,0.8325057029724121,-0.9599282145500183,0.6391090154647827,-0.41469377279281616,0.7604042291641235,-0.1579834669828415,-0.34710702300071716,0.7112188935279846,-1.0442867279052734,0.4357687830924988,-0.8720537424087524,1.494931936264038,-1.4754992723464966,0.6621761322021484,1.727174997329712,1.0534824132919312,0.5449436902999878,-0.9305561184883118,-0.44993630051612854,-0.08009764552116394,-1.457434058189392,-0.7284598350524902,0.1360829770565033,1.3717122077941895,-0.14417904615402222,0.33442753553390503,0.4694980978965759,2.8642213344573975,-0.9921412467956543,-1.4775530099868774,2.582486391067505,0.27257490158081055,0.3563779890537262,0.06547662615776062,0.17678388953208923,-0.15772172808647156,0.39951780438423157,0.10436204820871353,0.40206465125083923,-1.2790184020996094,0.5514114499092102,-0.8229740262031555,0.19223985075950623,-0.04915836825966835
movielens_latest.csv,-0.22879959642887115,-0.616523027420044,-1.1608493328094482,0.5378510355949402,-2.3842480182647705,1.1824743747711182,1.1289509534835815,0.14937709271907806,0.12500156462192535,-0.16892296075820923,0.20644602179527283,0.49770858883857727,0.25672540068626404,0.0927119329571724,-0.5464179515838623,-2.064699411392212,-0.292068749666214,0.5889739990234375,0.05826352536678314,1.5555812120437622,0.49927085638046265,0.08950182050466537,-0.2731155753135681,-1.145861029624939,-2.0057435035705566,0.5617306232452393,-1.4176057577133179,-0.9693474173545837,0.43276309967041016,0.7881951332092285,-0.6656230092048645,-0.017245842143893242,0.4967035949230194,0.3583100438117981,-0.9525916576385498,-0.2196066528558731,3.026979684829712,-1.733076572418213,2.0069644451141357,-0.3446912467479706,-0.08311083167791367,-0.3058941066265106,-0.055680789053440094,0.6062539219856262,0.37359943985939026,-0.8045964241027832,0.6874831318855286,-1.3097833395004272,0.6711183190345764,-0.012871562503278255
amazon-digital-music.csv,1.0516242980957031,-0.21129748225212097,-1.2548710107803345,1.6469892263412476,-2.102081298828125,0.8963848352432251,0.8176783323287964,0.6722802519798279,0.6522328853607178,-0.13452738523483276,0.8487422466278076,0.6113126873970032,0.13448865711688995,1.6619244813919067,-1.3417565822601318,-0.3012700378894806,0.6975678205490112,1.079981803894043,-1.229491949081421,1.6825571060180664,1.7184679508209229,0.8903234004974365,-0.3902573585510254,-0.8332587480545044,-0.3326590955257416,0.3521971106529236,-0.6160581707954407,-1.8396732807159424,0.6025761365890503,-0.030917974188923836,-0.40789276361465454,0.8446630835533142,-0.6771804690361023,1.7135967016220093,-0.539350152015686,-1.1621841192245483,1.7211471796035767,-0.47764962911605835,0.9765524864196777,0.4695907533168793,1.760042667388916,0.11489423364400864,0.6443839073181152,0.1315239816904068,0.5988247990608215,-1.5994243621826172,-0.04479653015732765,-0.024778559803962708,-0.08374596387147903,0.5558611154556274
jester1.csv,0.3551117479801178,-1.0412733554840088,-0.7638224363327026,0.6591489911079407,-2.0492467880249023,0.5889537334442139,0.7314873337745667,-0.388715922832489,0.11810361593961716,-0.6101510524749756,0.8807531595230103,0.01621704362332821,-0.16323068737983704,0.7314836382865906,-0.5711629390716553,-0.9720820188522339,1.0807747840881348,-0.07308487594127655,0.0865694209933281,-0.7713723182678223,0.73103266954422,1.6072336435317993,-0.6359409093856812,-1.0425994396209717,-1.163537859916687,0.7518654465675354,-1.5107649564743042,-1.3289772272109985,0.6563743948936462,0.8379968404769897,-0.12930817902088165,-0.9566299915313721,-0.6699122786521912,0.3722779452800751,0.09951124340295792,-1.9737420082092285,3.1991376876831055,1.0307080745697021,0.5332584381103516,-1.0901671648025513,1.0824851989746094,0.5059480667114258,0.04924521967768669,-0.26212066411972046,2.0328774452209473,-0.7987262606620789,1.0449743270874023,0.6122850179672241,0.2199631929397583,0.2815735638141632
