movielens1m.csv,-1.6355655193328857,-1.4053581953048706,-0.8701038956642151,2.8701560497283936,-0.5053810477256775,0.9128414392471313,-0.5280106663703918,-0.03077559545636177,-1.4011530876159668,-0.821997880935669,-0.05381191894412041,0.915218710899353,-0.21684016287326813,0.37622901797294617,0.4358973503112793,0.917168140411377,0.31222617626190186,-1.85113525390625,0.46145060658454895,0.5624547600746155,0.35250645875930786,1.1871908903121948,-1.096469759941101,-0.6490554809570312,0.12706983089447021,-0.6018096208572388,2.188725709915161,0.6990526914596558,-0.9162136316299438,-0.5359703898429871,2.492982864379883,0.028346098959445953,0.07231990247964859,-1.2308768033981323,0.026058800518512726,1.3309760093688965,0.1698896288871765,0.1363847404718399,0.7430820465087891,-0.11038007587194443,-0.5994982719421387,0.07977792620658875,1.1207592487335205,-1.5334008932113647,1.22646164894104,-0.5277043581008911,-0.9796301126480103,-1.566894769668579,0.9314128160476685,-0.3044672906398773,1.074114441871643,0.014731498435139656,0.38066086173057556,0.9577202200889587,-0.9926163554191589,-1.6081132888793945,-0.9163194894790649,-0.6118650436401367,1.067078709602356,-0.35946226119995117,2.5742530822753906,-0.5142384171485901,0.2570207417011261,-0.29840022325515747,0.17977949976921082,-1.3187894821166992,1.2002125978469849,0.6012780666351318,-0.1531415432691574,0.12140852957963943,1.0762704610824585,-0.3056192100048065,0.9683333039283752,-1.744391918182373,0.4714752435684204,0.46045950055122375,-0.09587261080741882,0.25488463044166565,0.9593888521194458,0.2967773377895355,0.6257624626159668,-0.8127748370170593,0.03501271456480026,0.4088590741157532,0.7964091300964355,0.3882061541080475,-2.174118757247925,0.596257746219635,-0.3702183961868286,0.8796713948249817,1.8711223602294922,1.0931257009506226,-1.5108528137207031,-1.3985034227371216,0.7046522498130798,0.33389812707901,0.1783839911222458,-0.5693336129188538,0.7735305428504944,-1.367203950881958
yahoo-movies.csv,-0.2371484488248825,-0.8723713755607605,-0.44913625717163086,2.694721221923828,-0.024036148563027382,-0.3526305556297302,-0.09855683147907257,0.1601286232471466,0.6257691383361816,-1.1283973455429077,0.6432819366455078,-0.7833754420280457,-0.6531144976615906,0.5188762545585632,-0.5793375968933105,1.9636354446411133,1.1914708614349365,0.3278958797454834,1.7984437942504883,-0.916257381439209,0.6852911710739136,0.8534215688705444,-1.2917406558990479,-0.5091360211372375,-0.41696447134017944,-1.3372341394424438,1.2878843545913696,1.4300473928451538,-2.4558632373809814,-0.45768579840660095,1.5175594091415405,0.9270344376564026,-0.5622481107711792,-0.8831121921539307,0.4629432260990143,1.030128002166748,-0.6665160655975342,-0.9146352410316467,0.49446752667427063,-0.37241607904434204,-0.18580636382102966,1.3948228359222412,0.9536062479019165,-1.2850533723831177,0.787803590297699,-1.5036746263504028,-0.9483489990234375,0.0954778790473938,0.2111077755689621,0.29700782895088196,-0.2893719971179962,1.7930574417114258,1.458371639251709,-0.2806467115879059,-0.7451939582824707,-1.564321517944336,0.060172051191329956,1.2278984785079956,-1.4115421772003174,-0.7810559868812561,1.64071524143219,1.1395862102508545,-0.21094562113285065,-0.19091066718101501,1.2529644966125488,0.1458253413438797,-0.3157314658164978,1.1139384508132935,-0.22660766541957855,-0.7180986404418945,-0.312703400850296,-1.3854684829711914,0.38048651814460754,-0.9574407935142517,-0.6960178017616272,0.01816427893936634,-0.22863179445266724,-0.3985779583454132,0.6747703552246094,-1.051774263381958,1.35235595703125,-0.06759321689605713,-0.04076104611158371,0.30957046151161194,1.7375202178955078,-0.7400251626968384,-1.3403860330581665,-0.4199495017528534,0.573848307132721,-1.1420072317123413,0.9784426093101501,-1.078711748123169,-0.536933183670044,-1.965699553489685,-0.03874113783240318,0.32464852929115295,0.7339965105056763,-2.1130402088165283,0.11982029676437378,-1.286584734916687
amazon-garden.csv,-1.7622069120407104,-0.787850558757782,-1.428519606590271,1.4737699031829834,-0.9987130165100098,0.4370558559894562,0.7030104994773865,0.07319820672273636,-0.07497316598892212,-1.8790018558502197,1.3540841341018677,-0.10549601167440414,-0.3234296441078186,0.7347351312637329,-0.5630977749824524,0.817237913608551,-0.19480042159557343,-0.6045739054679871,0.6133487224578857,1.3393280506134033,-0.561276376247406,0.49683356285095215,-0.5573316812515259,-1.1765954494476318,-0.8288494348526001,-0.9449666738510132,1.9103240966796875,0.6020442843437195,-2.41908597946167,-0.36601194739341736,0.11071114987134933,-0.03216920793056488,-0.5396023392677307,-0.7194640040397644,-0.9210699796676636,1.0149962902069092,0.008986460976302624,-0.5854282379150391,1.1583577394485474,1.3394488096237183,0.6356667876243591,0.5241983532905579,0.8453461527824402,-1.019569754600525,1.8072283267974854,0.37995243072509766,-0.2231389433145523,-1.3771545886993408,1.4916733503341675,1.1270310878753662,-0.549923837184906,1.2778428792953491,0.32814472913742065,0.09826232492923737,-0.6060791015625,-1.8032032251358032,-0.04414618760347366,-0.5292922854423523,-0.08323440700769424,0.20555908977985382,1.5107464790344238,0.5445809364318848,-1.1887710094451904,0.3141591548919678,-0.6037992238998413,-0.5891973376274109,0.0922110453248024,0.1904628425836563,-0.47897869348526,1.6693298816680908,0.40403062105178833,-1.4609005451202393,0.24621912837028503,-0.4668537676334381,-0.029182597994804382,0.1228850856423378,0.42994406819343567,0.12710393965244293,0.9967039823532104,-1.1097954511642456,-0.14593032002449036,-1.072855830192566,0.6458414793014526,-0.32822883129119873,1.8536862134933472,-0.09078023582696915,-0.8422256708145142,-0.44336479902267456,0.7808703780174255,1.0721200704574585,2.617671251296997,1.008480191230774,-0.23149579763412476,-2.5492641925811768,1.446091651916504,1.4449862241744995,0.30534738302230835,-1.8194671869277954,-0.09044446796178818,-0.8870553374290466
amazon-clothes.csv,-0.7209590673446655,-0.7030289173126221,-0.8429891467094421,-0.10847727954387665,-1.2848739624023438,0.6787484884262085,1.063002109527588,-0.9657074809074402,0.34012892842292786,-2.095266342163086,0.5060170888900757,0.8468594551086426,-0.3094518184661865,0.28852832317352295,-0.7290969491004944,1.145679235458374,-0.3826577663421631,-0.40831848978996277,0.4408615231513977,0.6118714809417725,0.09501489996910095,0.7216565608978271,0.2789245545864105,-0.8500785827636719,-0.47385022044181824,0.27436399459838867,1.8293789625167847,0.6888703107833862,-1.6790016889572144,0.13920541107654572,0.14138373732566833,-0.48952949047088623,-0.6331828832626343,-1.5653530359268188,-0.19629080593585968,1.7091426849365234,0.3951999843120575,-0.18613938987255096,1.0264970064163208,0.8454580903053284,0.25386083126068115,0.3708335757255554,0.16898980736732483,-1.3702597618103027,2.2593863010406494,-0.5732768774032593,0.41142737865448,-1.4095332622528076,0.9733001589775085,0.8284692764282227,-0.04013979807496071,2.150766134262085,0.8771739602088928,-0.5111737847328186,-0.7082760334014893,-2.791463851928711,-0.7864122986793518,0.13233540952205658,-0.05136701092123985,1.1026984453201294,1.5924930572509766,-0.6590431332588196,-1.4163354635238647,0.35073786973953247,-0.8733909726142883,-0.8508350253105164,0.5807419419288635,0.11073052138090134,-0.8246802687644958,1.740925908088684,-0.1686907708644867,-0.5221214294433594,0.7786325812339783,0.688801646232605,-0.9210844039916992,0.8845715522766113,0.9204959273338318,-0.34845423698425293,-0.6475047469139099,-2.1329143047332764,0.5646573305130005,-0.7230537533760071,-0.5571646094322205,-0.17453090846538544,1.3981547355651855,0.22466754913330078,-0.7789232134819031,0.1638406366109848,0.20235314965248108,0.4813727140426636,2.4566454887390137,0.3939211964607239,-1.1178449392318726,-2.2402138710021973,0.8347862362861633,0.7491211891174316,-0.11834744364023209,-1.859487533569336,0.1801832616329193,-1.156084656715393
amazon-instruments.csv,-0.9128174185752869,-0.08296910673379898,-0.31271234154701233,1.5276224613189697,-0.920296311378479,0.6246800422668457,0.850852370262146,-1.1719317436218262,1.1167434453964233,-1.3521289825439453,0.4949447810649872,0.2035437971353531,0.712032675743103,0.03039208985865116,-0.33458811044692993,-0.2469635158777237,-0.8948800563812256,-0.017273152247071266,1.5332074165344238,0.3034105598926544,-0.4758998155593872,0.1959608495235443,-0.7409765720367432,-0.9846915602684021,-1.0010284185409546,-0.8903589248657227,2.544908046722412,-0.4057175815105438,-1.3478963375091553,-0.3068660497665405,-0.35327619314193726,-0.3176923990249634,-0.1532682627439499,-1.0873852968215942,0.5357446670532227,1.4308854341506958,0.6630061268806458,-0.13553841412067413,0.81494140625,0.6603460311889648,0.3407863676548004,0.7603325247764587,0.16551995277404785,-0.8034915924072266,1.7458897829055786,-0.325094610452652,-1.895699143409729,-2.1605894565582275,0.20481574535369873,-0.10543370246887207,0.5678145885467529,0.8956060409545898,0.013836469501256943,-0.9774772524833679,-0.48047906160354614,-0.9937101006507874,-0.17400015890598297,0.3065749704837799,-0.37558743357658386,1.1688798666000366,2.4720559120178223,-0.07104575634002686,-0.8788567185401917,-0.3985454738140106,-1.7245556116104126,-0.35982951521873474,0.34776633977890015,0.2286715805530548,-0.0950814038515091,1.8620163202285767,0.08909191936254501,-0.3927517235279083,-0.26570621132850647,0.49083012342453003,-0.10584976524114609,0.6734667420387268,1.0780723094940186,0.42002835869789124,-0.3431248366832733,-2.979948043823242,-0.3196752071380615,-1.1771159172058105,1.6463453769683838,-0.0477902926504612,1.9674043655395508,-0.7985685467720032,-0.6222180724143982,0.5346794724464417,0.8865883350372314,0.1980997920036316,2.213895797729492,-0.3627414107322693,-0.9520583748817444,-1.4000455141067505,0.5332444310188293,0.9055004715919495,0.46477949619293213,-2.189908981323242,-0.7450498342514038,-1.0166562795639038
yelp.csv,-0.5704441070556641,-1.3867841958999634,-0.5086864233016968,2.319509267807007,-0.3143317699432373,0.7263809442520142,0.32864096760749817,-0.3480228781700134,0.8776517510414124,-1.4079021215438843,1.300929069519043,0.35985633730888367,-0.27046480774879456,0.3100939095020294,-0.609388530254364,-0.08449424058198929,0.48649221658706665,-1.6396702527999878,0.3523672819137573,0.7529181241989136,0.10383355617523193,0.5327330827713013,0.2649935483932495,0.7563378810882568,0.537122905254364,-0.2245369702577591,1.5174366235733032,0.40475329756736755,-2.380648374557495,-1.3208800554275513,1.0269825458526611,1.4801357984542847,-0.1583063304424286,0.03987659141421318,-1.4589980840682983,2.0384793281555176,0.3418900966644287,0.10205629467964172,1.1164299249649048,0.9078119993209839,1.310804009437561,2.5303454399108887,1.3644760847091675,-0.35592231154441833,0.8463436961174011,0.19759556651115417,-0.4914115071296692,-1.7296539545059204,0.2119297981262207,0.8543308973312378,-0.7242856025695801,1.2776110172271729,1.3904443979263306,-1.0511283874511719,-0.25835707783699036,0.06073565036058426,-0.5273357629776001,0.6460474729537964,0.5482622385025024,1.177755355834961,1.5780822038650513,0.11108259856700897,-1.3448684215545654,0.30637213587760925,-1.344983696937561,-0.08714461326599121,1.634029746055603,1.0729036331176758,1.0523536205291748,0.19136323034763336,-0.11408241838216782,-0.510524332523346,0.14186805486679077,-1.1617529392242432,0.4650638997554779,1.666195034980774,0.13667146861553192,-0.40559399127960205,0.8887342214584351,-2.2700486183166504,0.5947700142860413,-0.4199000597000122,0.07489732652902603,0.09748424589633942,0.17319169640541077,-0.5814510583877563,-0.4807361960411072,-0.46480369567871094,0.77106773853302,0.5225331783294678,0.8914758563041687,1.3292654752731323,0.7132356762886047,-2.435218095779419,-0.3365933895111084,0.5358442664146423,1.0355323553085327,-1.0917580127716064,-0.5129600763320923,-0.9915254712104797
amazon-apps.csv,-1.3692032098770142,-1.6688474416732788,-0.43387946486473083,1.2324836254119873,-1.5728847980499268,-0.026314226910471916,0.40132367610931396,-0.6946726441383362,0.3415079712867737,-0.438173770904541,-0.2593933641910553,1.5759981870651245,1.2987045049667358,0.015064254403114319,0.17570438981056213,0.024291157722473145,0.90092933177948,-0.7137800455093384,2.0974392890930176,0.07657448947429657,1.0540988445281982,-0.02926735207438469,-0.5069902539253235,-1.2344801425933838,0.1291508972644806,-1.353816032409668,1.9467110633850098,-0.6224786639213562,-1.0355535745620728,0.47452014684677124,0.6393042802810669,0.5451729893684387,-0.7716641426086426,-1.1587848663330078,-0.6646512150764465,1.587921142578125,-0.10989787429571152,-0.04377226158976555,2.1665749549865723,1.5106827020645142,0.8681517839431763,0.8346641063690186,2.1751046180725098,-1.1591367721557617,1.5212998390197754,-0.08872522413730621,-1.1458392143249512,-0.7882082462310791,-0.35335373878479004,1.2272220849990845,0.17603850364685059,1.2311466932296753,0.18246251344680786,0.2389746457338333,-0.6822913289070129,-1.7590008974075317,0.14357535541057587,0.10007331520318985,1.7747771739959717,0.7743139266967773,0.2971753776073456,-0.5482063889503479,-0.7616949677467346,0.09813964366912842,-0.6046059727668762,-1.064887523651123,0.49716615676879883,0.3575587570667267,-0.3926768898963928,0.7833334803581238,0.19343076646327972,-1.579301118850708,-0.32823845744132996,-1.0364149808883667,-0.9781822562217712,0.5630085468292236,0.4890155792236328,0.960996150970459,1.2834677696228027,-2.0339677333831787,1.0571635961532593,-0.6938928365707397,0.3394172787666321,0.8479916453361511,0.8325706720352173,-0.16300545632839203,-0.30150192975997925,-0.598606288433075,-0.15488284826278687,-0.2977813482284546,1.7070099115371704,1.0069090127944946,0.42987746000289917,-1.8098503351211548,0.1959090530872345,-0.4814244508743286,0.7875617146492004,-2.2700321674346924,0.47076359391212463,-1.4432533979415894
amazon-food.csv,-1.0016990900039673,-0.12033241987228394,-1.1879373788833618,1.8241467475891113,-0.0974954217672348,1.5271714925765991,-0.03426988422870636,0.2747010886669159,0.16862742602825165,-1.4132969379425049,1.0047972202301025,0.3036419749259949,-0.014047125354409218,1.1050355434417725,-1.1603575944900513,0.5585327744483948,0.442609965801239,-0.5362086296081543,0.39157357811927795,1.7183852195739746,-0.6817089319229126,-0.28702327609062195,-0.002420092700049281,-1.3925937414169312,-1.0534828901290894,-0.5051896572113037,2.4184510707855225,0.8842995166778564,-1.5181975364685059,-0.6416251063346863,0.7328838109970093,-0.2513224184513092,0.029933473095297813,-1.3666141033172607,-0.49997735023498535,1.6064529418945312,0.5350072979927063,-0.14549122750759125,1.6777249574661255,0.7001305818557739,0.31401529908180237,0.45489320158958435,0.5993073582649231,-0.4845353662967682,1.6025937795639038,-0.5739758610725403,-0.07689511775970459,-0.9631697535514832,0.21111808717250824,1.2702165842056274,-0.24252328276634216,2.249091148376465,0.09106932580471039,0.5440038442611694,-0.686161458492279,-1.5352511405944824,1.2137959003448486,-0.6138485074043274,-0.08129653334617615,1.304503321647644,1.9719222784042358,-0.6649616360664368,-1.4802807569503784,0.3384116590023041,-1.651207447052002,-0.24829840660095215,-0.41964444518089294,-0.2830617427825928,-0.8137776255607605,0.6294995546340942,1.0735361576080322,-1.1374844312667847,0.4329928457736969,-1.3055824041366577,-0.8875511884689331,-0.04992973804473877,0.5400704741477966,-0.050560399889945984,-0.27044254541397095,-0.7373485565185547,1.8557920455932617,-1.0593770742416382,0.03253007307648659,-0.676594614982605,0.8168016672134399,0.35201871395111084,-0.8224745988845825,-0.42606446146965027,0.5281887054443359,1.4856010675430298,1.7523521184921265,1.0704180002212524,-0.38133516907691956,-2.606078863143921,0.08095768094062805,0.8850476145744324,0.6129050850868225,-1.645456314086914,0.5462969541549683,-0.8102550506591797
amazon-phones.csv,-0.8280662894248962,-0.5297479033470154,-0.5773178339004517,1.1992446184158325,-0.3739420175552368,1.6055488586425781,2.1009726524353027,-0.6309020519256592,0.03923080116510391,-1.8029370307922363,0.3363341689109802,-0.45630231499671936,-0.21963368356227875,0.8948436975479126,-1.5246959924697876,1.1561530828475952,-1.2630584239959717,-0.3402407765388489,-0.02594102919101715,0.8171517252922058,0.33040928840637207,0.5702232122421265,0.35259971022605896,-1.1950737237930298,-0.4631142318248749,-1.4150712490081787,1.157099962234497,-0.24989436566829681,-2.0699996948242188,-1.5770715475082397,0.7398640513420105,-0.22378681600093842,-0.8567220568656921,-1.546891212463379,0.012447393499314785,1.9570486545562744,-0.3239811956882477,-0.39271384477615356,1.8359636068344116,1.4962557554244995,0.2708590030670166,-0.024106472730636597,0.5289314985275269,-0.8245109915733337,2.07175350189209,-0.33131086826324463,-0.6418932676315308,-0.727962076663971,0.5463101863861084,0.9578739404678345,0.6932051777839661,1.9639434814453125,-0.5058832168579102,0.9061349034309387,-0.45604410767555237,-1.3815946578979492,0.5908586978912354,-0.7867093682289124,0.27935296297073364,0.5340297818183899,1.2783137559890747,0.3660241663455963,-1.6565576791763306,0.9016559720039368,-1.1630312204360962,-0.4471172094345093,0.8932642340660095,-0.07722742110490799,-0.6963962912559509,-0.23783046007156372,0.8847575187683105,-1.4574757814407349,0.6989633440971375,-0.6372246146202087,0.45771607756614685,0.09790805727243423,0.8316887021064758,0.6341342329978943,0.4648358225822449,-1.636682152748108,-0.15941017866134644,-0.8029375672340393,-0.09306424111127853,0.2448415458202362,2.0498416423797607,0.2547023296356201,-0.8424006104469299,-0.1852315366268158,1.2431020736694336,-0.30281269550323486,2.3230104446411133,0.9439151883125305,-0.3653102219104767,-2.2933411598205566,-0.07845934480428696,0.8927964568138123,0.006203227676451206,-0.7199693322181702,-0.02735850401222706,-0.6254226565361023
amazon-sports.csv,-0.8077933192253113,-0.4112272262573242,-2.241626739501953,1.015218734741211,-0.5706573724746704,1.0048474073410034,0.7303882241249084,-0.20493090152740479,-0.26567062735557556,-2.149742841720581,0.7244448661804199,-0.38919585943222046,0.3397327661514282,0.39976194500923157,-0.9962800741195679,0.8259544968605042,0.5311306118965149,0.14382462203502655,-0.004341961350291967,0.09358125925064087,0.31512880325317383,0.3940773904323578,-0.3997836709022522,-1.4540334939956665,-0.173248752951622,-0.8533961176872253,2.210101842880249,0.5451521873474121,-2.2726457118988037,-0.5207039713859558,0.9125365018844604,0.290198415517807,-0.8248154520988464,-1.3737126588821411,-0.5900399684906006,0.892576277256012,0.3561892807483673,0.1890457421541214,0.6222794055938721,0.7055529952049255,0.8896401524543762,-0.20463918149471283,0.14506912231445312,-0.5298761129379272,1.7449537515640259,0.2718674838542938,-0.2089501917362213,-1.449925184249878,0.39714163541793823,0.9366862177848816,0.6261975169181824,1.3527476787567139,-0.6866878271102905,-0.3298145532608032,-1.2448376417160034,-2.334113836288452,0.6295154094696045,-0.6131381392478943,1.1545300483703613,0.9615374207496643,1.5214883089065552,0.07372668385505676,-2.3026769161224365,0.49435439705848694,-1.4656150341033936,-0.04669588804244995,0.2142372578382492,-0.25274303555488586,-0.2617936134338379,0.7427904009819031,0.17681588232517242,-1.1938520669937134,1.2167649269104004,-0.6251872777938843,-0.32211461663246155,0.03389866277575493,0.5239643454551697,0.1449751853942871,-0.38006699085235596,-1.4583990573883057,0.8997978568077087,-1.5359047651290894,0.2725380063056946,0.19633109867572784,1.978873372077942,0.03697714954614639,-1.374230980873108,-0.46963387727737427,1.2962712049484253,1.3025665283203125,1.953963279724121,0.7706820368766785,0.036013949662446976,-2.5246634483337402,0.7735059857368469,0.7496610283851624,0.0452803410589695,-1.3229948282241821,-0.6880704164505005,-0.3614247143268585
amazon-pet-supplies.csv,-0.4427224397659302,-0.6410888433456421,-1.3227723836898804,1.5402989387512207,-0.755135715007782,1.119721531867981,1.0908622741699219,0.2909107804298401,0.11562945693731308,-0.5744292736053467,0.12001198530197144,0.011500266380608082,0.039546504616737366,1.4564093351364136,0.34008336067199707,1.0347585678100586,0.8022200465202332,0.09176646173000336,0.6545889973640442,1.4569073915481567,0.13792531192302704,0.9287612438201904,-0.8442042469978333,-0.03229430317878723,-0.20973874628543854,-1.3827521800994873,1.9999616146087646,0.14876794815063477,-3.350555181503296,0.6572691202163696,0.11428502202033997,-0.2156909853219986,0.4092388451099396,-0.2494320124387741,0.7024675607681274,2.2312779426574707,1.2430181503295898,-0.1957857459783554,1.5423309803009033,1.4338538646697998,0.9491849541664124,-0.15726400911808014,1.2966687679290771,0.9635253548622131,1.537406325340271,0.4884440004825592,0.5054900646209717,-0.9197809100151062,0.05512194335460663,-0.9208597540855408,-0.10833456367254257,1.1283222436904907,-0.43148863315582275,0.2365173101425171,-0.4563262462615967,-0.37634167075157166,0.07792403548955917,-0.5179770588874817,0.3374910056591034,1.5464048385620117,0.5011318325996399,-0.9599146842956543,-0.1805322915315628,-0.7979313135147095,-0.7853885293006897,-0.3472106158733368,0.2919793426990509,0.004698894917964935,-0.3279263973236084,-0.24050745368003845,0.8987320065498352,-0.9179911017417908,0.3570249676704407,-0.5358604788780212,-0.8836349248886108,0.21110573410987854,0.5258763432502747,1.194292426109314,0.4974270164966583,-1.4471015930175781,-0.06916099786758423,-0.6695378422737122,-0.435473769903183,-0.280208021402359,1.5828256607055664,0.8389816284179688,-0.7379636168479919,0.866264820098877,1.1198673248291016,1.1233173608779907,2.681443214416504,0.8381131887435913,0.14074701070785522,-3.226618528366089,0.676836371421814,1.4807336330413818,0.14369487762451172,-1.66199791431427,0.45476481318473816,-0.2730306088924408
movielens100k.csv,-0.9080668091773987,-0.033668775111436844,1.3661988973617554,1.5627729892730713,-0.6562986373901367,-0.08078837394714355,0.8062403798103333,-0.266948401927948,-0.5614660382270813,-2.1240108013153076,1.3470457792282104,0.3732652962207794,0.3873540163040161,0.5913805365562439,0.194558784365654,0.34304168820381165,-0.41962867975234985,-0.5403841733932495,0.2895207405090332,0.46508148312568665,0.09039231389760971,0.5562294125556946,-0.3889390230178833,-1.453267216682434,-0.32633745670318604,-1.3993009328842163,1.623749852180481,1.1210187673568726,-2.369737148284912,0.11835704743862152,0.7242631316184998,0.280233770608902,1.7856814861297607,-1.0111849308013916,-1.991033911705017,-0.06693128496408463,-0.9297189116477966,0.10618065297603607,1.1539242267608643,-0.22730478644371033,-0.5216009020805359,1.4049493074417114,1.6062732934951782,-0.9306195974349976,2.631596326828003,-0.9131432175636292,-1.5478355884552002,-0.7565912008285522,0.7714440226554871,0.3162837326526642,-0.6594412326812744,1.357942819595337,-0.09966874122619629,0.5216744542121887,0.008099833503365517,-1.5651881694793701,-1.2271006107330322,-0.4905616343021393,0.6168000102043152,0.457398921251297,1.1183478832244873,0.3715766966342926,-1.5562909841537476,0.1648039072751999,-1.4998071193695068,-1.0381311178207397,0.08557453006505966,0.8193937540054321,-0.04676162451505661,0.0538356676697731,0.49767953157424927,-1.5376241207122803,0.7057318091392517,-0.5735597610473633,0.14224103093147278,0.3422035276889801,0.8550524115562439,1.0897496938705444,0.26549795269966125,-1.231595516204834,0.015595241449773312,-0.27449119091033936,0.5259997248649597,0.9548783898353577,1.0383914709091187,-0.48441851139068604,-0.7319430112838745,1.0754904747009277,0.9585267305374146,1.6279264688491821,1.589115023612976,0.02383599244058132,-0.7449904084205627,-1.706039547920227,-0.5573314428329468,1.6438500881195068,0.6574439406394958,-1.691396713256836,0.7987199425697327,-0.35559651255607605
amazon-health.csv,-1.5598046779632568,-1.3587982654571533,-1.0975584983825684,2.2841901779174805,-0.8137471675872803,-0.4783979654312134,1.3251134157180786,-0.40923795104026794,0.04992244020104408,-2.7722997665405273,0.865323543548584,0.6993597745895386,1.1528536081314087,1.0959281921386719,-0.7558209896087646,0.949840784072876,0.5673578381538391,0.7314424514770508,0.68177729845047,0.06393110007047653,-0.2798565626144409,0.10823626071214676,-0.46598613262176514,-1.2543926239013672,-0.35548239946365356,-0.5948672294616699,1.8680362701416016,0.7283481359481812,-1.1931395530700684,-0.4571816623210907,0.64182049036026,-0.5357240438461304,-0.0081709623336792,-0.6447767615318298,-0.5587139129638672,0.9241839051246643,-0.12194372713565826,-0.022751521319150925,1.066624641418457,0.9225101470947266,0.992821216583252,0.9906392693519592,1.5759119987487793,-1.5619596242904663,1.4662823677062988,0.2802193760871887,-0.7722716927528381,-0.9418925046920776,0.8521212935447693,0.04345456138253212,-0.3027174770832062,0.570612370967865,0.1303229033946991,1.689744472503662,-0.859816312789917,-1.1506305932998657,-0.7830337285995483,-0.542443573474884,0.3251646161079407,1.104360818862915,0.9374894499778748,-0.6993120312690735,-0.897456705570221,-0.6661763191223145,-0.4951206147670746,-0.05858958512544632,0.269345223903656,-0.15046924352645874,-0.5489665269851685,1.0386842489242554,-0.2746659815311432,-0.6722975969314575,0.18579784035682678,0.014512176625430584,-0.8938208222389221,-0.30992385745048523,0.38492682576179504,1.115408182144165,-0.6756201386451721,-1.6482155323028564,0.3934060037136078,-1.4224575757980347,0.1820603460073471,-0.857596755027771,0.9860790371894836,0.8028252124786377,-1.3859448432922363,0.7055134773254395,1.1953824758529663,1.3110880851745605,2.4748079776763916,0.30418044328689575,-0.1613273322582245,-2.780862331390381,1.2088639736175537,0.86619633436203,0.8071373105049133,-1.7634087800979614,-0.7114033699035645,-0.25526708364486694
amazon-cd.csv,-1.2559130191802979,0.0050875055603682995,-1.0808902978897095,0.6117202043533325,-0.8138066530227661,0.09604959934949875,1.3543792963027954,-0.9146835207939148,0.5207948088645935,-1.0213994979858398,-0.1348370611667633,-0.35667863488197327,0.8924422860145569,1.6791715621948242,0.19308486580848694,0.409089058637619,0.34252214431762695,-0.35424190759658813,1.2765064239501953,0.23125231266021729,0.5540960431098938,-0.02531561069190502,-0.296395480632782,-0.3814740777015686,-1.306776762008667,-0.4466988146305084,2.1703243255615234,-0.07483921945095062,-1.8194278478622437,-1.0403177738189697,0.3739433288574219,0.46803978085517883,0.4551066756248474,0.3104194104671478,-0.25287291407585144,1.8823840618133545,0.48674720525741577,-1.7523542642593384,0.42710867524147034,0.858627438545227,0.05682498216629028,0.691497266292572,0.6285256743431091,-1.9898861646652222,1.9260902404785156,-0.1423778533935547,-1.4942604303359985,-0.9544490575790405,0.7867498397827148,1.4632465839385986,-0.6494608521461487,1.7664579153060913,0.4267722964286804,0.053600721061229706,0.6523484587669373,-0.6799019575119019,0.08573883771896362,-0.572980523109436,0.9204040765762329,-0.2966262996196747,1.997473955154419,-0.7355755567550659,-1.05815851688385,-0.6686974167823792,-0.6188425421714783,-0.4465124309062958,0.38142356276512146,0.17542462050914764,-0.9478951692581177,1.28524649143219,1.6571696996688843,-0.642683207988739,0.8413622975349426,0.388032466173172,-0.19552189111709595,1.305307388305664,0.6437317728996277,-0.09156043827533722,0.1760450303554535,-1.8230350017547607,0.8162084221839905,-0.631461501121521,0.4598478078842163,-1.0675488710403442,0.8001545071601868,-0.32077839970588684,-0.45038044452667236,0.36978140473365784,1.5344905853271484,0.6403461694717407,1.2578374147415161,1.5983049869537354,-1.1317825317382812,-2.552557945251465,0.40536224842071533,1.1598666906356812,0.13620442152023315,-1.8913856744766235,-0.8046776652336121,-1.7401702404022217
movielens10m.csv,-2.3544514179229736,-0.016778482124209404,-0.9325113892555237,0.6059322953224182,0.510083019733429,1.0998132228851318,1.1989637613296509,-0.7763848304748535,1.0006681680679321,-1.290834665298462,0.4036608040332794,0.31217774748802185,1.049122929573059,0.9718096852302551,-1.01853609085083,1.0029189586639404,0.38948142528533936,0.11521043628454208,0.6806808114051819,-0.44388213753700256,-0.3601662218570709,-0.10202263295650482,0.32909712195396423,0.10854830592870712,-0.11084287613630295,-0.4922337234020233,3.4369444847106934,1.2519930601119995,-2.5762364864349365,0.6325353384017944,0.671679675579071,0.41963866353034973,0.26627346873283386,-1.3929911851882935,-1.404495358467102,0.5851821303367615,-0.7663293480873108,-0.43265825510025024,1.147952914237976,-0.1936790496110916,0.5783330798149109,-0.0825185775756836,1.1055546998977661,-0.07569149136543274,0.6599145531654358,0.4242420196533203,-1.907086730003357,-1.1455613374710083,-0.025415267795324326,0.8457995653152466,0.2669302821159363,1.7377429008483887,1.3943601846694946,1.3361493349075317,-0.5666515827178955,-1.5565742254257202,-0.6388188004493713,-0.5032473206520081,1.0692579746246338,-0.14998598396778107,2.8641347885131836,-0.13206514716148376,-0.6290230751037598,-0.24192698299884796,0.07648660987615585,-0.9359452724456787,0.12216462194919586,-0.9500344395637512,-0.7276462912559509,-0.04915182292461395,0.7858629822731018,-0.1578637808561325,-0.31044769287109375,-1.441221833229065,-0.651672899723053,0.8165871500968933,0.01153657864779234,0.038016386330127716,0.5745513439178467,-0.6651167273521423,-0.34614354372024536,-0.4878559708595276,1.0138139724731445,0.5293697714805603,0.7766234278678894,-0.5686883330345154,-0.4480862319469452,0.02873738296329975,0.6156609654426575,-0.1272560954093933,1.4507975578308105,0.7237046957015991,0.005656265188008547,-1.9115124940872192,1.048467993736267,2.042750120162964,0.566318690776825,-0.9503391981124878,1.6428320407867432,-0.506405234336853
tripadvisor.csv,-0.5211690664291382,-0.08847685158252716,-0.6231516003608704,1.0397412776947021,-0.6645255088806152,0.4725060760974884,1.082427978515625,0.5078973174095154,0.6642494201660156,-1.1584926843643188,1.2463780641555786,-0.9410509467124939,-0.49234554171562195,-0.9132985472679138,0.38355714082717896,1.503711223602295,1.4523069858551025,0.4961508512496948,2.3000786304473877,1.3129849433898926,-0.5403392314910889,0.038829851895570755,-1.5635650157928467,-0.6615673303604126,-1.009925127029419,-1.804599642753601,1.978663682937622,-0.2098374217748642,-0.844240128993988,-0.4942987263202667,0.5306712985038757,1.0961531400680542,0.6494225859642029,-0.6810245513916016,-0.6675740480422974,2.0135583877563477,0.20001088082790375,0.15911388397216797,1.4808614253997803,1.6519250869750977,-0.16281908750534058,0.14696702361106873,0.8183599710464478,-1.1127393245697021,0.9920520782470703,0.992006778717041,-1.671850323677063,-1.33806574344635,0.9033392071723938,0.0258349496871233,-0.3588860034942627,1.496470332145691,0.36732763051986694,0.24560602009296417,-0.12915931642055511,-2.069352149963379,0.7765560746192932,-0.27141422033309937,0.47665590047836304,0.43008115887641907,1.5961933135986328,-0.3152962923049927,-0.7343751192092896,1.2884937524795532,-0.6028311252593994,-0.8497409224510193,1.4507131576538086,0.9253398180007935,-0.09612180292606354,1.6124114990234375,-0.3776061534881592,-1.9154648780822754,1.1686567068099976,-0.9184684753417969,0.6442834138870239,-0.05618300288915634,0.3010225296020508,0.9523084759712219,0.12559908628463745,-0.28774377703666687,-0.041851337999105453,-0.8948756456375122,-0.47388318181037903,-0.9317704439163208,0.9458478093147278,0.04282791540026665,-0.9253060817718506,0.028080569580197334,1.040574550628662,-0.9789221286773682,0.9760119915008545,1.0875493288040161,0.20012563467025757,-1.9718247652053833,-0.2343047857284546,1.531768798828125,0.74480140209198,-1.3432093858718872,1.166841983795166,-0.8156038522720337
amazon-games.csv,-1.6180771589279175,-0.3079182505607605,-0.70537930727005,1.6313260793685913,-0.3253787159919739,1.6810369491577148,1.1933473348617554,-1.052157998085022,0.11097017675638199,-1.5862935781478882,1.2631810903549194,-0.4884982407093048,-0.2347295880317688,1.741115689277649,-0.9064330458641052,0.7639177441596985,0.4733283519744873,-0.1605813056230545,0.45989590883255005,-0.09396076202392578,0.10296307504177094,0.23810961842536926,0.1890888661146164,-1.7811793088912964,0.5021287202835083,-2.28466796875,1.982853651046753,-1.1688531637191772,-1.1590944528579712,0.28714239597320557,0.8772189617156982,0.8052321672439575,0.26963990926742554,-1.4152888059616089,-0.8756718635559082,0.7206607460975647,-0.7944447994232178,-0.551974356174469,2.0132269859313965,2.0804741382598877,0.7265354990959167,-0.5734665989875793,0.48300665616989136,-0.980631947517395,1.1161972284317017,0.8767181038856506,-1.550307273864746,-1.146224021911621,0.9015335440635681,0.8124963641166687,-1.590772032737732,1.9946764707565308,0.44628557562828064,0.08699294924736023,-1.573670744895935,-1.470511555671692,-1.0110541582107544,0.9688854217529297,0.8249801397323608,0.8905554413795471,1.0582060813903809,-0.08994298428297043,-0.09469287842512131,0.4272867441177368,-0.7607167363166809,-1.3744515180587769,0.4835677444934845,-0.28493157029151917,0.8714616894721985,-0.30902865529060364,0.4678916037082672,-0.305014431476593,0.825613260269165,0.9265676736831665,-0.13633140921592712,0.4622745215892792,1.0416297912597656,0.23769888281822205,0.35470306873321533,-1.8071590662002563,0.33416569232940674,-0.3303636908531189,0.18192602694034576,-0.6078448295593262,0.7523300051689148,-0.5318779349327087,-0.7177961468696594,-1.1175134181976318,0.966744601726532,0.9064276814460754,1.3792541027069092,0.30880120396614075,0.17745614051818848,-1.5813474655151367,0.6824240684509277,0.2335393726825714,0.013827123679220676,-1.3284668922424316,0.08961273729801178,-1.5283163785934448
bookcrossing.csv,-2.100456714630127,-0.9455642700195312,-0.26848945021629333,0.7804737091064453,-0.5636811256408691,0.9761887788772583,0.9286505579948425,-0.5945279598236084,0.482496976852417,-1.6682040691375732,1.130658745765686,-0.6117445826530457,1.1926772594451904,1.813094139099121,0.607030987739563,1.2953282594680786,-0.07887431979179382,-0.5070204734802246,1.294800877571106,0.6541142463684082,-0.3488021790981293,0.25564277172088623,-0.8527992963790894,-0.8640568852424622,0.515841543674469,-1.0353634357452393,1.4014886617660522,-1.2039687633514404,-2.345742702484131,0.09666914492845535,1.5288866758346558,0.6709311008453369,-1.0888923406600952,-0.9835086464881897,0.1296645998954773,0.9133620262145996,0.34995633363723755,0.137150838971138,1.3805042505264282,-0.5931078791618347,1.2670034170150757,1.2143291234970093,1.1011528968811035,-0.49748072028160095,1.5405772924423218,-0.1851675659418106,-0.3888162076473236,-1.383800745010376,0.1954970359802246,0.8558138012886047,0.3076936900615692,1.2241125106811523,0.03072354756295681,0.021502885967493057,-0.27129441499710083,-1.4113863706588745,-0.494162917137146,-0.2437475174665451,0.1514529138803482,0.30536460876464844,2.4526569843292236,-0.6426317691802979,-1.326309084892273,1.5884310007095337,0.2866440713405609,1.3176122903823853,1.4471246004104614,0.10135788470506668,-0.2123124897480011,1.8124219179153442,0.5062697529792786,-1.32180917263031,0.16214264929294586,0.11707384884357452,-0.3912021219730377,0.5551233887672424,1.2982559204101562,1.4287519454956055,0.10937470942735672,-0.5928438305854797,0.9282387495040894,-0.8032817244529724,-0.35891488194465637,-0.21917511522769928,1.4540425539016724,-0.3742164671421051,-0.15932300686836243,-0.7549692392349243,0.18372724950313568,1.1952483654022217,0.986141562461853,0.6978010535240173,-0.4528861939907074,-1.268913745880127,0.12053395062685013,1.8574906587600708,0.3489173948764801,-2.0564217567443848,0.5057469606399536,-1.3619577884674072
amazon-baby.csv,-0.06340276449918747,0.34768256545066833,-1.4012038707733154,1.9283612966537476,-0.46857109665870667,0.9903079867362976,0.39386826753616333,-0.7711349725723267,0.5467345714569092,-1.3858147859573364,0.5406820178031921,0.5311007499694824,0.5468326807022095,2.2886013984680176,-0.13679814338684082,0.450467050075531,-0.299274206161499,0.22145457565784454,0.5452277660369873,0.6997097730636597,-1.1346635818481445,0.5733057260513306,0.8738788962364197,-0.4527137279510498,-1.4444262981414795,-0.9756236672401428,0.5934897661209106,0.43592405319213867,-1.7479521036148071,0.4248320758342743,1.3211307525634766,-0.41814544796943665,-0.7781883478164673,-2.050692319869995,-1.124153971672058,2.0061142444610596,-0.6861017942428589,-0.19419169425964355,0.614256739616394,2.1260154247283936,1.0894553661346436,-0.7421786785125732,1.1397277116775513,-0.7729880213737488,1.3942689895629883,0.21712420880794525,-0.9708810448646545,-0.6729717254638672,1.4532933235168457,-0.1313437968492508,0.30431151390075684,0.9258461594581604,2.181825637817383,0.22369882464408875,-0.5417611598968506,-0.6360346078872681,1.1889253854751587,-0.7943350672721863,0.21416284143924713,1.6094075441360474,0.8849477171897888,-0.2733572721481323,-1.65647554397583,0.08816979825496674,-0.4976944029331207,-0.30292609333992004,0.9388588666915894,0.4096490740776062,-0.3392431139945984,1.0096074342727661,-0.3384120762348175,-0.9365715980529785,0.7849467396736145,-0.8981640338897705,-0.2148938924074173,1.2023956775665283,0.3663303852081299,0.17465786635875702,0.9922239184379578,-1.8838571310043335,1.6247831583023071,-0.00447675259783864,-0.2547329068183899,0.1602533757686615,1.2384589910507202,0.7776357531547546,-1.1929898262023926,0.3007747530937195,0.680941641330719,0.05918172374367714,1.8812615871429443,0.41417980194091797,-0.5114390850067139,-1.8115346431732178,0.14068450033664703,1.3902158737182617,1.1778438091278076,-1.8272647857666016,0.3549593985080719,-0.06778135895729065
amazon-instant-video.csv,-1.7574090957641602,-0.5132371187210083,-0.9780795574188232,1.1618901491165161,-0.2073979675769806,0.1356983184814453,0.8641565442085266,-1.0869824886322021,-0.33379849791526794,-0.7504269480705261,1.418042540550232,0.8618844151496887,-0.1236003041267395,1.7637217044830322,0.06373636424541473,0.10117565095424652,0.6782640814781189,-0.5671498775482178,2.2229878902435303,0.671360969543457,0.6438812017440796,-0.18854625523090363,0.3500431478023529,-1.6745326519012451,-1.2992384433746338,-0.5471354722976685,1.9982860088348389,0.7698695659637451,-2.5424654483795166,-0.37548357248306274,1.1969125270843506,-1.1876040697097778,-0.25187933444976807,-1.2908662557601929,0.15318253636360168,1.753224492073059,-1.7841769456863403,-0.8670253753662109,1.0142556428909302,0.22807323932647705,0.20025885105133057,0.5720482468605042,1.3969285488128662,-0.8228381872177124,1.5224190950393677,-0.511529803276062,-1.91312575340271,-1.1862366199493408,0.9772266149520874,1.0229188203811646,-1.0843318700790405,1.4199414253234863,-0.9596682786941528,-0.42209601402282715,0.02262769266963005,-1.904783010482788,0.5409182906150818,-0.286202609539032,0.16004911065101624,-0.08558567613363266,0.7944450378417969,-0.4384164810180664,-0.847142219543457,0.33232381939888,-0.9187577366828918,-0.672738254070282,1.9136303663253784,0.8967559933662415,0.3107045590877533,-0.1504707932472229,0.43384483456611633,0.013428292237222195,-1.0619494915008545,-0.06428682804107666,-0.33516258001327515,0.1547020822763443,0.7699232697486877,0.26754167675971985,-0.6011545062065125,-0.9932018518447876,0.8139934539794922,-0.689341127872467,0.13703277707099915,-0.5213841795921326,0.9823968410491943,-0.16687224805355072,-1.3261576890945435,0.18893234431743622,0.9154589772224426,0.7000452280044556,2.10862135887146,0.5412187576293945,0.36761459708213806,-1.1075774431228638,0.293770432472229,2.232231855392456,0.5116385817527771,-1.0587080717086792,0.5458462834358215,-0.017165638506412506
amazon-kindle.csv,-0.3765251338481903,0.1474454253911972,-1.9921609163284302,1.3258168697357178,0.011045098304748535,0.48305124044418335,0.8651198148727417,-0.33999887108802795,1.4093912839889526,-1.0604121685028076,0.4098723530769348,0.946898341178894,-0.08407595753669739,1.0488780736923218,0.22263607382774353,1.808866024017334,-1.0407302379608154,-0.6099086403846741,1.0478205680847168,0.1463455855846405,-0.5314487814903259,0.39464712142944336,0.07313244044780731,0.37526631355285645,0.3165140151977539,-1.4954122304916382,1.4140692949295044,1.0613631010055542,-2.3670618534088135,-1.4636191129684448,0.6622176170349121,0.9283725023269653,-0.08848484605550766,-1.9713555574417114,-0.3519744873046875,1.5076658725738525,-0.34101560711860657,0.1710793524980545,0.505037248134613,1.4803013801574707,0.1572064906358719,1.4338687658309937,0.9583398699760437,-0.5669606924057007,2.4646525382995605,-0.5432778596878052,0.8585824370384216,-1.0095775127410889,1.1728153228759766,0.2645874619483948,-0.3664790689945221,1.1466288566589355,0.8369006514549255,-0.3733322322368622,-1.1171860694885254,-1.3141322135925293,0.42271292209625244,-0.9341422915458679,0.30303800106048584,1.1396979093551636,0.8332006931304932,-0.9372665286064148,-1.9906271696090698,0.4564148783683777,-1.242135763168335,-0.38600584864616394,0.47165271639823914,-1.0951578617095947,-1.0763025283813477,-0.31632113456726074,0.2583545744419098,-1.1225334405899048,1.695134162902832,0.12330576032400131,-0.3905245065689087,0.8371595740318298,0.7253047227859497,0.574741005897522,-1.152847409248352,-1.2620798349380493,0.48500531911849976,-1.4783968925476074,0.5722088813781738,-0.462881475687027,0.4930298626422882,-0.31669992208480835,-1.1023651361465454,0.15648864209651947,0.28907689452171326,0.8134011626243591,2.033968448638916,-0.8418481349945068,-1.3727967739105225,-1.7469555139541626,0.6163516640663147,0.5966985821723938,0.6411826014518738,-1.101594090461731,0.37394365668296814,-0.8508813381195068
jester3.csv,-1.3585774898529053,-0.6472014784812927,-0.4268849194049835,0.32571297883987427,-0.7845575213432312,0.31271642446517944,1.0865739583969116,-0.1207227110862732,-0.48568037152290344,-0.88201504945755,1.801996111869812,0.4663258492946625,1.9369087219238281,1.6283092498779297,-0.4200925827026367,1.2638565301895142,1.5335670709609985,-1.0573294162750244,1.0145659446716309,1.0362378358840942,-0.5178472399711609,-0.7518667578697205,0.20103049278259277,0.20980815589427948,0.20461806654930115,-0.3960997462272644,1.8732982873916626,0.9060853719711304,-1.8011398315429688,-0.21391136944293976,0.5871182680130005,1.4259692430496216,-0.33861830830574036,-2.0362229347229004,-1.1085134744644165,1.7230420112609863,-1.0277600288391113,0.11911969631910324,0.6405502557754517,0.7176774144172668,0.6577423214912415,0.3060912787914276,0.6714572906494141,-1.1935147047042847,1.9153740406036377,-0.06531435251235962,-0.6305522918701172,-1.2788910865783691,1.0652316808700562,0.3825168013572693,-0.6093887686729431,0.5514652132987976,-0.43251723051071167,0.9465269446372986,-0.26308029890060425,-0.7836281061172485,-0.45622628927230835,1.0025190114974976,0.11274242401123047,0.6849958896636963,2.0490286350250244,0.5237556099891663,-1.3543974161148071,-0.9405425786972046,-0.6369530558586121,-1.185904622077942,0.5650267004966736,0.7762208580970764,0.26133134961128235,0.2994718551635742,0.698550820350647,0.02027248404920101,1.1352168321609497,-1.7400685548782349,-0.5861569046974182,-0.5635457634925842,0.681922972202301,-0.2978934347629547,0.6947113871574402,-2.010916233062744,0.4817216992378235,-1.5511624813079834,-0.3919185996055603,-0.5203961133956909,2.7314062118530273,0.04324068874120712,-0.7115046381950378,0.7121371030807495,0.08508526533842087,-0.061464544385671616,1.2298240661621094,-0.4273253381252289,-0.5856931209564209,-0.9337665438652039,0.6205912232398987,0.6601893901824951,1.2074332237243652,-0.6454346776008606,0.07656209170818329,-2.1035008430480957
movietweetings_recsys2014.csv,-2.046712875366211,-0.11692361533641815,-1.0430481433868408,1.4719483852386475,0.3384648263454437,-0.23790572583675385,0.9475927352905273,-0.35483676195144653,0.056514471769332886,-1.6664756536483765,0.5910587906837463,0.11726363003253937,1.204082727432251,0.4999004304409027,1.1900287866592407,1.4516137838363647,0.08156155049800873,-1.4760111570358276,0.7878058552742004,1.1517904996871948,0.4488714337348938,0.09240980446338654,-0.35540127754211426,-0.17262789607048035,-1.7920950651168823,-0.23070979118347168,2.3418385982513428,-1.1614700555801392,-1.3028007745742798,-0.479290634393692,1.0616154670715332,-0.7796301245689392,0.3304583430290222,-1.6004010438919067,0.024612074717879295,0.7023262977600098,-0.054412923753261566,0.6525252461433411,0.22518441081047058,1.0597213506698608,0.07356694340705872,1.0482985973358154,1.3236545324325562,-1.2322124242782593,0.9503867626190186,0.9407323002815247,0.2700342833995819,-1.0841269493103027,-1.2179462909698486,0.4630599617958069,-0.5243067741394043,2.033456325531006,0.5273977518081665,0.9855048656463623,-0.3436128497123718,-0.11027487367391586,0.00443508755415678,-0.9668587446212769,0.3912537693977356,0.3889538049697876,1.4583135843276978,0.9041430950164795,0.531650722026825,0.83762127161026,-0.5347080230712891,-1.636506199836731,0.2657570540904999,1.3834224939346313,0.3573262691497803,-0.08003342896699905,-1.143168330192566,-1.4247318506240845,-0.2898975610733032,-0.949516236782074,-1.7630882263183594,-0.15355437994003296,0.9124512672424316,-1.0539588928222656,-0.2864641845226288,-2.1179471015930176,0.5905791521072388,-0.5042786598205566,-0.13950622081756592,1.042567253112793,0.5367198586463928,-1.0046881437301636,-1.474696397781372,0.02954273298382759,0.34050115942955017,-0.12744884192943573,1.7772300243377686,-0.06753188371658325,-0.11086542159318924,-2.1724770069122314,1.1948330402374268,1.0851035118103027,0.8985992074012756,-1.4631071090698242,-0.8575847148895264,-1.1589133739471436
amazon-movies.csv,-1.1819548606872559,-0.6261851191520691,-1.0181105136871338,1.656083345413208,-0.8908751010894775,0.6391888856887817,0.7998338341712952,-0.925589382648468,0.04766072705388069,-2.0307514667510986,0.568520188331604,0.8133805990219116,0.8534994721412659,1.1606569290161133,0.6686874032020569,0.6124094128608704,1.1413136720657349,-0.28327634930610657,1.4344009160995483,-0.13937172293663025,-0.25488945841789246,-0.6210210919380188,-0.09725943207740784,-0.44634875655174255,-0.1620255708694458,-0.7725366353988647,2.1810855865478516,-0.20145133137702942,-1.7278913259506226,-0.46110111474990845,1.425816535949707,0.6775525212287903,-0.6934356689453125,-0.46193504333496094,-0.7990642786026001,0.1121160015463829,-0.530266523361206,-0.880374014377594,-0.056499309837818146,1.2614941596984863,0.4270515441894531,1.0867691040039062,-0.3188575804233551,-1.0391182899475098,1.3722606897354126,0.2208562046289444,-0.4498719573020935,-1.075815200805664,0.6600834727287292,0.34876784682273865,0.00962044857442379,1.0440782308578491,0.14902281761169434,-0.08912190049886703,-0.40364718437194824,-1.956484317779541,1.0414724349975586,0.4811660945415497,-0.5284315347671509,0.009631588123738766,1.169171929359436,-1.4319037199020386,-0.4385491907596588,0.37453827261924744,-1.0837273597717285,-1.092128872871399,0.58230060338974,1.865022897720337,0.015571942552924156,1.647752285003662,1.3302055597305298,-1.4634764194488525,0.8401044011116028,-1.3619439601898193,-0.6400769948959351,-0.21967345476150513,0.1654212921857834,1.0563589334487915,-0.11425044387578964,-1.9015558958053589,0.4659234583377838,-0.41100335121154785,-0.6268260478973389,0.6088925004005432,1.103448748588562,-2.249577283859253,-1.0754847526550293,0.09593549370765686,0.5399587750434875,1.1729720830917358,1.6875641345977783,1.3116803169250488,-0.2040127068758011,-2.4748125076293945,0.17033003270626068,1.756392240524292,-0.33087456226348877,-1.282578468322754,0.9554866552352905,-0.5180670022964478
amazon-beauty.csv,-0.942043125629425,-1.1354074478149414,-0.7435911893844604,0.8061299324035645,-1.333139181137085,1.1408789157867432,0.3915135860443115,-0.7169570922851562,0.11016268283128738,-1.7266508340835571,1.2864086627960205,1.449610710144043,-0.5552307963371277,0.4240356683731079,-0.34233540296554565,1.0438427925109863,0.2852632403373718,-0.08284925669431686,0.17567168176174164,1.4066801071166992,-0.7295621633529663,0.6458647847175598,0.4789808690547943,-0.7381153106689453,-1.1135451793670654,-1.1609348058700562,1.3546315431594849,0.9122050404548645,-1.1274809837341309,-1.2625946998596191,0.8215979933738708,0.31034427881240845,-0.11984304338693619,-0.878372848033905,0.4705440402030945,2.8548355102539062,-0.524671196937561,-0.10093623399734497,2.2000958919525146,1.4948320388793945,0.06295076757669449,0.06913991272449493,0.700929582118988,-0.4485424757003784,1.9807407855987549,-0.6022331118583679,-1.0511969327926636,-1.3253347873687744,-0.3243604302406311,1.2000963687896729,0.1732078343629837,1.2246897220611572,0.26578786969184875,0.26163211464881897,-0.7306947112083435,-0.8819350004196167,0.6649629473686218,0.4354201853275299,-0.2288140505552292,1.5881874561309814,1.675814151763916,-0.23393569886684418,-1.1976807117462158,0.4195996820926666,-0.7257475256919861,-0.021989794448018074,-0.9822477102279663,0.7651464939117432,-0.8813338875770569,0.7752870321273804,-0.16107045114040375,-0.6082236766815186,-0.09826913475990295,-0.07258035242557526,-0.6724010109901428,1.4755405187606812,1.0158313512802124,-0.08083274960517883,-0.6612019538879395,-0.4975043535232544,1.4646674394607544,-1.3731943368911743,0.848355770111084,-0.01577913574874401,0.9141091108322144,0.5981872081756592,-0.22314994037151337,-0.12420868128538132,0.11835121363401413,0.8569610118865967,1.6952160596847534,0.853104829788208,-0.21559326350688934,-3.0829756259918213,0.3787895143032074,0.7647905349731445,0.9800775051116943,-1.8268102407455444,0.5608406066894531,-1.293871283531189
movielens20m.csv,-0.4922974407672882,-0.44226038455963135,-0.23170021176338196,0.9036785364151001,-0.9326366782188416,0.09464284777641296,0.6563753485679626,-0.7238041758537292,0.4740027189254761,-1.367815613746643,0.6398116946220398,1.8926496505737305,1.3551007509231567,0.5333653688430786,0.4205600619316101,-0.09706824272871017,1.913685917854309,-1.0405094623565674,0.6955501437187195,1.027337670326233,0.6596600413322449,0.554767906665802,-0.5475122928619385,-1.1257998943328857,0.864830493927002,-0.5416925549507141,2.0356104373931885,0.1661878079175949,-1.995564341545105,-1.5558780431747437,1.118874430656433,0.417479932308197,-1.1385875940322876,-0.5886151194572449,-2.062955856323242,0.9666561484336853,-0.42461323738098145,-0.9729358553886414,0.1875542253255844,0.03070993348956108,-0.053955160081386566,-0.5291840434074402,1.9661643505096436,-0.7817370295524597,1.8745747804641724,-0.8603227734565735,-0.536828875541687,-1.2141526937484741,-0.30889561772346497,-0.01117707323282957,-0.5148165225982666,1.5110266208648682,-0.2553223967552185,0.7087081670761108,-0.2090056836605072,-1.6890137195587158,-0.06702829897403717,-0.5293299555778503,0.06062410771846771,1.092003345489502,1.5908719301223755,-0.18412962555885315,-0.8320493102073669,1.5412328243255615,-1.4228616952896118,0.09889352321624756,0.6501215696334839,0.2062033861875534,0.11717408895492554,0.7932663559913635,-1.2023134231567383,-0.670155942440033,0.6926807165145874,-2.1254560947418213,0.3676222562789917,0.8205511569976807,0.9136059284210205,0.04400306195020676,0.6833041906356812,0.22099894285202026,-0.40887513756752014,-0.4120933413505554,-0.15842455625534058,0.8686264157295227,1.220970869064331,-0.1533685177564621,-1.2220686674118042,0.270917683839798,2.5111801624298096,-0.3984576165676117,1.0759316682815552,-0.19165486097335815,-1.061476707458496,-1.6346971988677979,1.1487550735473633,0.6346858143806458,-0.19103264808654785,-1.9085220098495483,-0.2487727552652359,-1.2328953742980957
flixter.csv,-0.03871883824467659,-1.7294867038726807,-0.8493570685386658,1.8442102670669556,-0.012303865514695644,0.7968798875808716,1.648841381072998,-0.765585720539093,-0.2995252013206482,-1.3600170612335205,-0.29565340280532837,0.1813163012266159,0.7799145579338074,0.856957197189331,1.0605084896087646,-0.3091762065887451,0.632319450378418,1.052231788635254,1.2397606372833252,0.7597816586494446,-0.3472401797771454,0.03400162607431412,-0.66367107629776,-0.6195505261421204,0.47467780113220215,-2.0098769664764404,1.4308027029037476,0.573510468006134,-0.7991945147514343,-0.3171022832393646,0.7480953931808472,-0.11884810775518417,0.6929089426994324,-1.0058438777923584,-0.332861065864563,0.62259441614151,-0.32623597979545593,-0.4082760810852051,1.4642820358276367,0.7677482962608337,-1.084165334701538,1.452519416809082,0.5282304286956787,0.6796360611915588,2.3140056133270264,0.42182624340057373,-1.2091575860977173,-0.5871624946594238,1.7318044900894165,0.17168301343917847,-0.014818700030446053,1.706244945526123,0.877296507358551,2.157562494277954,-1.2694132328033447,-1.1437805891036987,-0.6147156357765198,-0.28581681847572327,0.41551581025123596,-0.3683199882507324,1.6230981349945068,0.7211732268333435,-1.4537688493728638,0.14697274565696716,0.3478107750415802,-0.709361732006073,-0.1624281406402588,-0.517185389995575,0.9117848873138428,0.7566335797309875,0.789147675037384,-1.6184309720993042,0.05843200534582138,-0.47307679057121277,-1.3419090509414673,1.152441382408142,0.5331875085830688,-0.44945085048675537,0.28226438164711,-1.2493338584899902,1.7273730039596558,-0.8872791528701782,-0.5943477749824524,1.6162317991256714,1.5211347341537476,-0.009525877423584461,-0.1937861144542694,0.36215469241142273,1.2836132049560547,0.09843038022518158,0.8527772426605225,0.7230991721153259,0.8061299920082092,-1.1006399393081665,0.4043276906013489,1.2829256057739258,0.26519057154655457,-2.5881881713867188,-0.7352139949798584,-0.9709972143173218
amazon-automotive.csv,-0.38439813256263733,-0.15370289981365204,-1.0526971817016602,1.2277432680130005,0.06947247684001923,1.2072131633758545,0.5638800263404846,-0.5232997536659241,-0.0011981951538473368,-0.8439517617225647,0.9137898087501526,0.27894338965415955,-0.07980959117412567,1.164423942565918,0.32565194368362427,1.1059225797653198,1.144353985786438,0.5361201167106628,-0.28939178586006165,0.27210646867752075,-0.6379220485687256,1.040706753730774,-0.5826479196548462,-0.7182053923606873,-0.7606274485588074,0.3690757155418396,2.1583502292633057,0.6868417263031006,-2.1269936561584473,-0.5562904477119446,0.5915312170982361,-0.15196813642978668,0.3485026955604553,-1.535488247871399,-0.24772508442401886,0.7427652478218079,-0.10126013308763504,-0.5687899589538574,0.49722129106521606,0.40349268913269043,0.5465125441551208,-0.09965936839580536,0.6591468453407288,-0.9930316805839539,2.153104543685913,0.24474196135997772,-0.08457467705011368,-1.1573407649993896,0.7359720468521118,0.35263243317604065,-0.0783989280462265,2.6591944694519043,0.554305374622345,0.735240638256073,-0.7082121968269348,-1.8519127368927002,-0.023784445598721504,0.3169897794723511,0.12344440817832947,-0.21729595959186554,2.605520725250244,-0.9918633699417114,-0.853517472743988,0.5107212066650391,-1.794608473777771,-1.0115324258804321,0.613420307636261,-1.1314588785171509,-1.0604586601257324,1.2381136417388916,0.7193898558616638,-1.231046438217163,0.5827151536941528,-0.4252357482910156,-0.9978345632553101,1.2104976177215576,0.982452929019928,0.5836951732635498,0.5117278695106506,-1.8732978105545044,0.30845290422439575,-1.2326698303222656,-0.5095124840736389,-0.4446104168891907,1.049907922744751,-0.5865007042884827,-0.4882805645465851,-0.5067732334136963,-0.8617299199104309,0.6049876809120178,1.7444082498550415,0.8579184412956238,-0.9802082180976868,-2.908177375793457,-0.29944276809692383,0.7069193124771118,1.3507928848266602,-1.6596992015838623,0.3398432433605194,-0.6188609600067139
jester2.csv,-1.312123417854309,-1.2439098358154297,0.13088355958461761,1.4032443761825562,-0.06663305312395096,1.2653495073318481,0.9665926694869995,-0.8602750301361084,-0.9892431497573853,-1.1133311986923218,0.8654693365097046,0.35422173142433167,-0.5906946659088135,-0.1709173321723938,-0.13235685229301453,0.6339640617370605,-0.3700929284095764,-0.0016015571309253573,1.5535911321640015,1.7078197002410889,-0.1526990830898285,0.3041037619113922,-0.1661381870508194,-1.19672429561615,0.09069199115037918,0.4161611795425415,1.70872962474823,0.23323486745357513,-1.510064721107483,0.808367133140564,0.1426558643579483,1.0297569036483765,-0.49460452795028687,-0.3320135176181793,-1.008243203163147,-0.0768042728304863,-0.9570965766906738,-0.8424830436706543,1.4245021343231201,-0.12186645716428757,-0.31138792634010315,1.0305571556091309,1.6978760957717896,-0.04004865884780884,1.59334135055542,0.13979926705360413,-1.0017212629318237,-0.6943723559379578,1.0634140968322754,0.7575560212135315,-0.3403661251068115,1.2233189344406128,0.699507474899292,0.8269276022911072,-1.1513910293579102,-0.7883731722831726,-0.6348001956939697,-0.5699440836906433,1.9743105173110962,-0.6785042881965637,2.057279348373413,-0.43630823493003845,-1.1626982688903809,0.1262294054031372,-0.6544843316078186,-0.39325690269470215,0.5478200912475586,0.5506806969642639,-0.707050085067749,0.28403177857398987,-0.3958660364151001,-0.08298096060752869,0.44272616505622864,-1.380367398262024,0.08588379621505737,-1.2086595296859741,0.6574286818504333,0.9770660996437073,1.4031407833099365,-1.542189359664917,1.870378017425537,-1.7403641939163208,0.03147320821881294,0.8509706258773804,1.100701928138733,-0.6150105595588684,-0.661913275718689,1.0461233854293823,1.4528629779815674,-0.4157903492450714,2.4687159061431885,-0.6959325671195984,-0.5579379200935364,-2.588697671890259,0.6254394054412842,0.6686818599700928,-0.502939760684967,-1.3277533054351807,0.7626103162765503,-1.4118874073028564
amazon-toys.csv,-1.4293838739395142,-1.1009877920150757,-0.8298356533050537,1.5264524221420288,0.14205877482891083,0.4467753767967224,1.1371991634368896,0.5346287488937378,0.674230694770813,-1.4802886247634888,-0.05638217553496361,0.09290996193885803,0.0674668475985527,1.0562984943389893,-1.0540168285369873,0.7675294280052185,1.1731503009796143,0.3459005653858185,0.28962942957878113,1.4015965461730957,0.2166111022233963,0.5382870435714722,-0.35497552156448364,-0.9747286438941956,-0.10365106910467148,-0.7115361094474792,2.211657762527466,-0.6322638988494873,-2.487330675125122,0.11272160708904266,-0.0933171957731247,0.611709475517273,0.26112523674964905,-1.3256763219833374,-0.34987419843673706,0.8750019073486328,-1.2609437704086304,-0.298839271068573,1.4925402402877808,0.8809089064598083,0.9391733407974243,0.6488245725631714,0.11933299899101257,-0.6927125453948975,2.3163774013519287,-0.44750574231147766,-1.5530548095703125,-0.9127769470214844,0.5408427715301514,1.0430113077163696,-0.8555588126182556,1.859894037246704,-0.3267478048801422,-0.30010831356048584,-0.7634705305099487,-1.035927176475525,0.09594728797674179,-0.0029016342014074326,0.3187451660633087,0.7915102243423462,2.3356053829193115,-2.022148609161377,-1.51572847366333,0.8595420718193054,-1.0320931673049927,-0.786386251449585,0.19313859939575195,0.41347986459732056,0.03876238688826561,0.4987993538379669,-0.4375562071800232,-1.1286906003952026,0.38346409797668457,-0.2353096753358841,1.2182492017745972,0.6635833978652954,1.1130857467651367,0.37982290983200073,0.40706494450569153,-1.6422290802001953,0.5773527026176453,-0.09592399001121521,-0.1639082133769989,0.5579456686973572,1.6195948123931885,0.2753719687461853,-0.16658972203731537,-0.4807795584201813,0.3379665017127991,0.9193502068519592,2.140944480895996,0.8976790904998779,-0.9185312390327454,-1.9664192199707031,0.925521969795227,0.9138838052749634,0.7073885202407837,-1.6595110893249512,-0.15008515119552612,-0.8412418365478516
amazon-tools.csv,-0.38934165239334106,-0.6275625824928284,-1.1617919206619263,0.994023323059082,-0.8578689098358154,-0.1859910935163498,1.4651373624801636,-0.17907436192035675,0.05209729075431824,-1.2743608951568604,0.7281463146209717,0.09637478739023209,-0.9059833884239197,1.3652398586273193,-0.658412516117096,1.5268748998641968,-0.16534017026424408,0.3816063106060028,0.48228004574775696,1.1773148775100708,-0.4322880506515503,1.2828601598739624,-0.3684481382369995,0.03787372261285782,-0.7659884095191956,-0.6342135667800903,2.4810538291931152,0.6373265981674194,-1.4614145755767822,-1.0068610906600952,1.1115186214447021,-0.20616894960403442,-0.7961089015007019,-0.5085281729698181,0.35147160291671753,1.3652257919311523,0.16940374672412872,-0.8182507753372192,0.9513204097747803,1.6308807134628296,0.170653834939003,-0.5428248643875122,1.1981562376022339,-1.0042532682418823,1.9038845300674438,0.3174642324447632,-0.635968804359436,-1.2288551330566406,0.4698711931705475,0.5700346231460571,0.7636928558349609,1.6572654247283936,-0.9881588816642761,-0.3438899517059326,0.0704924538731575,-1.1893693208694458,0.3857496380805969,0.08310111612081528,1.5515952110290527,0.7951483726501465,2.162383794784546,-0.2630736529827118,-1.0416240692138672,0.5777689814567566,-0.8977371454238892,0.012401055544614792,0.4531404674053192,-0.6272076368331909,0.07402002066373825,1.2610098123550415,1.1694670915603638,-0.7530179619789124,0.7819709181785583,-1.0730769634246826,-0.6051453351974487,0.356394499540329,1.1957156658172607,0.7740291357040405,-0.31965163350105286,-1.9249181747436523,0.7059972286224365,-0.6960470676422119,-0.22792966663837433,0.3522438406944275,0.7702685594558716,-0.42297497391700745,-0.0497652068734169,-0.4230801463127136,0.4056336283683777,1.472804069519043,1.9703121185302734,0.15313510596752167,-1.000313639640808,-2.9075558185577393,0.10096842050552368,1.6556566953659058,2.161856174468994,-1.0657150745391846,-0.16862744092941284,-0.2982656955718994
movietweetings_latest.csv,-0.5514606237411499,-0.7243008017539978,-0.36097943782806396,1.0646222829818726,-0.4242318570613861,1.3116151094436646,-0.14517754316329956,-1.3867030143737793,0.6632875800132751,-1.542238473892212,-0.6946433782577515,1.1731892824172974,0.04924317076802254,0.02543172985315323,1.046067714691162,1.7165626287460327,0.49201780557632446,-0.20552176237106323,0.8208404183387756,1.2289931774139404,1.6516140699386597,1.3716965913772583,0.20710262656211853,0.0995372086763382,-1.1867949962615967,-0.8392338752746582,2.2694056034088135,0.46186742186546326,-1.4014257192611694,-0.6897814869880676,1.3824856281280518,0.4018765985965729,0.07053613662719727,-1.2933976650238037,-1.9153432846069336,1.4920209646224976,-0.2086450308561325,-0.5799543261528015,1.2007278203964233,1.0165493488311768,-0.6662150025367737,0.46737658977508545,1.1242146492004395,-0.4265061020851135,0.45639801025390625,0.5915734171867371,0.004916728939861059,-0.7878805994987488,0.6454842686653137,0.20801353454589844,-0.927905797958374,1.826224684715271,0.6050411462783813,0.5864471197128296,-0.027582362294197083,-0.7991263270378113,-0.9100496172904968,0.5400881767272949,0.39789456129074097,0.3782716989517212,2.758256673812866,0.045276012271642685,-1.958692193031311,-0.02776879444718361,1.5363867282867432,-1.3368571996688843,0.4633832573890686,0.404790461063385,0.4368726909160614,0.49669769406318665,1.2991946935653687,-1.1718837022781372,0.3627387583255768,0.051146894693374634,-0.5896126627922058,-0.8941616415977478,1.6082514524459839,0.6636345386505127,1.0972180366516113,-0.9673868417739868,0.046135857701301575,-1.2999707460403442,1.1282447576522827,-0.4212783873081207,1.7474043369293213,0.2919877767562866,-1.1247049570083618,-0.9726417660713196,0.7070461511611938,1.0156631469726562,1.5920345783233643,0.18357689678668976,-0.570076584815979,-1.6788700819015503,-0.23783960938453674,0.4762752950191498,0.7782398462295532,-1.4981545209884644,0.19762761890888214,-0.5027276277542114
yahoo-music.csv,-0.39622390270233154,-2.1665518283843994,-1.878106951713562,1.603318214416504,-0.026409216225147247,0.20856133103370667,-0.7233509421348572,-1.1814610958099365,-0.010125452652573586,-1.434732437133789,0.1036769449710846,-0.22352910041809082,-0.08521164953708649,0.5293998122215271,-1.4869260787963867,-0.11050640791654587,0.5900275707244873,-1.2480686902999878,2.0746920108795166,0.8365840911865234,0.7183363437652588,-0.7577071785926819,-1.3663603067398071,-0.6957513093948364,-0.9115958213806152,-1.7404332160949707,1.2958050966262817,-0.39799490571022034,-1.8959652185440063,0.05521650239825249,0.771745502948761,1.2592207193374634,-0.0474027656018734,-1.1913163661956787,-1.468173623085022,0.20015741884708405,-0.3508341908454895,-0.06959564983844757,-0.07587898522615433,-0.8227135539054871,-0.09149280190467834,-0.09349166601896286,0.6416158080101013,-0.8148035407066345,2.1812305450439453,0.6355535984039307,-0.4158002436161041,-0.8680067658424377,-0.06466300040483475,1.98703134059906,-0.32048869132995605,0.052372001111507416,0.10443267971277237,1.7563567161560059,0.04261478781700134,-0.15805143117904663,-1.4475197792053223,-0.10267219692468643,-0.2837247848510742,0.73764568567276,1.5452638864517212,-0.4161987006664276,-0.30208727717399597,0.3632986545562744,-1.0963187217712402,-1.0003007650375366,0.1619703322649002,-0.49320322275161743,-0.6541352272033691,0.7028424739837646,0.17954657971858978,-0.8335068225860596,0.4840109944343567,-1.1397978067398071,-0.5494828224182129,0.1859629601240158,1.91981840133667,-0.042464081197977066,-0.08591388911008835,-0.4937954545021057,1.4525792598724365,-0.0008453067275695503,0.30868446826934814,0.6280504465103149,0.6114704608917236,-0.05563579499721527,-1.2450484037399292,-0.41636189818382263,0.44301822781562805,-0.4032009243965149,1.1713591814041138,0.08117049932479858,-1.9095189571380615,-3.385418653488159,-0.34553179144859314,1.0793629884719849,0.56214439868927,-1.2585055828094482,0.5324130058288574,-1.1765817403793335
amazon-home.csv,-1.630920648574829,-0.3820160925388336,-0.6482049226760864,1.6474902629852295,-1.0691516399383545,2.03290057182312,0.7592682838439941,0.42470070719718933,-0.22531455755233765,-1.5847718715667725,0.0805869996547699,0.3425304889678955,-0.22365380823612213,0.7502386569976807,-1.1821449995040894,1.4920967817306519,0.14515914022922516,-0.706940770149231,0.9193075299263,1.3121819496154785,-0.9028696417808533,0.11636970937252045,-0.4697314202785492,-0.7420076131820679,-0.5646092891693115,-0.47336283326148987,1.5380319356918335,-0.09626218676567078,-2.2465672492980957,-0.6534745097160339,0.7231015563011169,0.3199022114276886,-0.5063154697418213,-0.6291651725769043,-1.3823179006576538,1.5659401416778564,-0.17252947390079498,-0.6948807835578918,1.9174530506134033,0.10990388691425323,0.5313403010368347,-0.040305424481630325,1.2719002962112427,-0.7571711540222168,1.4245723485946655,0.22984904050827026,-0.8775547742843628,-1.022291898727417,0.49668005108833313,0.9497256278991699,1.018234133720398,1.4217967987060547,0.3280707895755768,0.01797511614859104,-1.6518745422363281,-0.4048880338668823,0.8206671476364136,-0.4063488841056824,-0.25513285398483276,1.0637761354446411,1.4316554069519043,-0.7583995461463928,-1.4125730991363525,1.0533276796340942,-1.5603432655334473,-0.5517351031303406,0.7044111490249634,-1.1580219268798828,-0.9433137774467468,1.0652132034301758,-0.671123206615448,-0.852698564529419,1.2251918315887451,0.44953393936157227,-0.6901272535324097,0.03819762542843819,-0.3199802041053772,0.2233322560787201,0.023813147097826004,-2.180220127105713,0.9617270231246948,-0.5129884481430054,0.09685026109218597,-0.24994845688343048,1.9209719896316528,0.7415236830711365,-1.7558801174163818,-0.8638056516647339,0.4583742320537567,0.7223356366157532,1.4549225568771362,1.0136955976486206,-0.4835634231567383,-1.9970324039459229,0.4710310399532318,0.30190688371658325,1.2305408716201782,-1.4692885875701904,-0.18905805051326752,-0.7235649228096008
amazon-office.csv,-0.9277064204216003,-0.6439038515090942,-0.29713883996009827,0.8910431861877441,0.08881839364767075,1.4825564622879028,0.7721042633056641,-0.7375831007957458,-0.3459503650665283,-3.0234758853912354,0.8495281934738159,-0.20151637494564056,-0.5286469459533691,0.9916216731071472,-0.7665655016899109,-0.4096178412437439,0.0539415068924427,-0.06242508813738823,1.6264475584030151,0.8294411301612854,0.13406766951084137,-0.17985433340072632,-0.9420003294944763,-0.5579878687858582,-1.0965802669525146,-1.490206003189087,3.2223808765411377,0.7637085914611816,-1.5952013731002808,-0.2671557366847992,-0.46465587615966797,-0.800991952419281,-0.1628807783126831,-0.4679478704929352,0.26467961072921753,2.5090725421905518,-0.8405492305755615,-0.07549015432596207,0.7381463050842285,0.5344297885894775,0.3227533996105194,-0.4461097717285156,0.05578622967004776,-1.958296537399292,0.36050814390182495,0.5315156579017639,0.303485244512558,-1.1894501447677612,-0.020693259313702583,-0.016730692237615585,-0.08896467834711075,0.7289672493934631,-0.2996547520160675,0.49775010347366333,-1.6564687490463257,-1.17022705078125,-0.5564207434654236,0.04924958199262619,1.6548782587051392,1.7545429468154907,0.7924243211746216,-0.8511093854904175,-1.2926467657089233,1.082952857017517,-0.4020392894744873,-0.5641787648200989,0.7260604500770569,-0.025609249249100685,-1.321105718612671,0.6923214197158813,0.8482070565223694,-1.4305589199066162,1.1449624300003052,-0.09433974325656891,-0.3229953646659851,1.256438970565796,1.195863962173462,0.06785532087087631,1.089615821838379,-1.255285620689392,0.17851462960243225,-1.846268892288208,-0.46869733929634094,0.48653674125671387,0.5298020243644714,-1.1360588073730469,0.171238973736763,0.2587219774723053,0.49298295378685,1.3278791904449463,1.896095633506775,0.48555171489715576,-0.1455845683813095,-0.9658309817314148,-0.6020936369895935,-0.010547214187681675,0.7400462031364441,-1.7563951015472412,-0.041987840086221695,-0.9592068791389465
movielens_latest.csv,-0.9961941242218018,-1.8320858478546143,0.1416061371564865,1.2778252363204956,0.30877459049224854,1.089468002319336,-0.5688776969909668,-0.37609273195266724,-0.20516397058963776,-1.8506628274917603,0.01900622621178627,0.5755212306976318,1.8254613876342773,0.6142613887786865,-0.04914597049355507,0.6646950244903564,0.25220298767089844,-0.33146464824676514,2.1386263370513916,0.4474838674068451,-0.7063398957252502,0.013534978963434696,0.7394874095916748,-0.29179564118385315,0.09820497781038284,-0.7913389801979065,1.454251766204834,0.6059026122093201,-2.2773733139038086,-0.23675675690174103,0.5955182313919067,0.3045455813407898,1.0524775981903076,-1.1190524101257324,-0.27770012617111206,1.0638798475265503,0.31644394993782043,-1.0402719974517822,0.4825853109359741,0.9237794876098633,-1.0094012022018433,-0.2404748648405075,0.6403002142906189,-1.259569525718689,2.5361180305480957,-1.0899778604507446,-1.226936936378479,-1.7858275175094604,-0.527750551700592,0.9724626541137695,-0.3964717984199524,1.884589433670044,0.907472550868988,0.738179087638855,-1.0245341062545776,-1.0707601308822632,0.3982028663158417,0.7118662595748901,1.5883737802505493,-0.631824791431427,0.8420014381408691,0.5268763303756714,-0.5520853996276855,0.6296162009239197,-0.7874659895896912,-1.0798323154449463,0.029133865609765053,-0.2305034101009369,0.6182214021682739,1.0766563415527344,0.8096675872802734,-1.2665547132492065,-0.29774242639541626,-0.6949852108955383,-0.7211599946022034,-0.4855065643787384,0.8365100026130676,1.705308437347412,-0.14609816670417786,-1.0148353576660156,-0.2884570360183716,0.0715380311012268,-0.5508509874343872,0.5124068260192871,0.257000207901001,-0.1311652511358261,-1.4422532320022583,0.13350799679756165,0.5734992027282715,0.8879276514053345,1.6610078811645508,-0.5504874587059021,-0.05125389248132706,-1.9292728900909424,2.2908499240875244,1.4015229940414429,1.7236541509628296,-1.031241774559021,0.664855420589447,-0.5983127951622009
amazon-digital-music.csv,-1.0810050964355469,-0.47451817989349365,-1.2842966318130493,1.224755048751831,-0.2839149534702301,0.5368272066116333,1.0885143280029297,-0.2994838058948517,-0.002542188623920083,-0.8588442206382751,0.5590234994888306,0.02904018573462963,-0.13648536801338196,0.8849968314170837,-1.5108875036239624,1.0771292448043823,-0.3263106644153595,-1.1980462074279785,0.19958887994289398,0.2552851736545563,0.4670492708683014,0.43070098757743835,-0.1470767855644226,-1.3919681310653687,-0.3923500180244446,-1.2369717359542847,2.5112717151641846,0.37730059027671814,-1.685017704963684,0.07866842299699783,0.8575225472450256,0.45917004346847534,0.673967719078064,-1.0706572532653809,-0.24812185764312744,1.583957314491272,-0.0031659849919378757,0.03377548232674599,2.5745139122009277,0.8690792322158813,-0.465210497379303,-0.35836076736450195,0.22067387402057648,-0.5322771668434143,1.9114481210708618,-0.759885311126709,-0.7983181476593018,-1.5349944829940796,0.6983083486557007,0.509688138961792,-0.42801448702812195,1.3855102062225342,0.2211373895406723,-0.7033106684684753,-0.30259478092193604,-1.4995615482330322,0.6316747069358826,0.20981203019618988,1.5267497301101685,1.1050790548324585,1.9699615240097046,-0.27657264471054077,-1.5928961038589478,0.8613377809524536,-0.7099218368530273,0.15393181145191193,-0.02178897149860859,0.5075214505195618,-0.0700559988617897,2.0420029163360596,-0.4486740529537201,-1.0458612442016602,0.8146252036094666,-0.10329411923885345,-1.0545876026153564,0.7044249773025513,0.6141880750656128,-0.3420148193836212,-0.6620498299598694,-2.085177183151245,0.6164835095405579,-0.22436851263046265,-0.4440455138683319,-0.6565955877304077,1.5854778289794922,-1.1036943197250366,-1.0500835180282593,-0.257851243019104,1.459416151046753,0.07966913282871246,1.7766633033752441,1.538557767868042,-1.292664885520935,-1.4631078243255615,0.3508809506893158,0.5406658053398132,0.6792101263999939,-1.612929105758667,0.5791835188865662,-1.0473687648773193
jester1.csv,-1.1884846687316895,-0.4492281675338745,-0.3165704607963562,1.7927172183990479,-0.8474108576774597,1.0323430299758911,1.409096598625183,0.8896083235740662,-0.5758460760116577,0.6227163672447205,1.4564749002456665,0.6842252016067505,1.4243981838226318,-0.6521672010421753,-0.07706747949123383,0.44873544573783875,0.9177924394607544,1.1421104669570923,2.457883358001709,1.179789662361145,0.021049566566944122,0.38714683055877686,-0.2180425375699997,-0.9578036665916443,-0.19177204370498657,-1.0894501209259033,2.9384865760803223,-0.3626949191093445,-2.905188798904419,-1.5277663469314575,0.7539430856704712,0.48732173442840576,0.44620397686958313,-1.2703520059585571,-0.8496947884559631,0.7091731429100037,-0.3356860876083374,-0.9855771064758301,1.62751042842865,0.8385846614837646,0.30476364493370056,-0.09121986478567123,1.3650130033493042,-1.2540682554244995,1.1929768323898315,-0.824566125869751,0.2341679483652115,-1.1134485006332397,1.2274730205535889,-0.21038715541362762,-0.15556855499744415,0.7383406162261963,1.7112646102905273,0.620137631893158,0.020964033901691437,0.0033699888736009598,-1.4637315273284912,-0.006545872427523136,0.07700847089290619,1.0757532119750977,1.6012167930603027,0.516727864742279,-1.498141884803772,0.3196318745613098,-0.2042519748210907,-0.7057933807373047,0.03645538166165352,0.05021098256111145,-1.1662306785583496,0.3948591649532318,0.6029190421104431,-0.5904862880706787,0.7545326352119446,-0.24166250228881836,0.3057403564453125,-0.4418765604496002,0.999513566493988,0.21640779078006744,0.3431782126426697,-0.33841466903686523,1.0145035982131958,-0.4472391605377197,-0.1495693027973175,0.8811951875686646,0.384205162525177,-0.8777596354484558,-0.6088057160377502,1.2676446437835693,-0.27858826518058777,0.7884644865989685,1.2315376996994019,1.1723917722702026,0.5214599967002869,-1.9860584735870361,-0.20839332044124603,1.2386302947998047,0.974195659160614,-1.3499168157577515,-0.32366663217544556,-1.3411940336227417
