jester2.csv,-0.8058858513832092,0.17100991308689117,0.6806027293205261,-0.5928517580032349,-1.158521056175232,0.6228662729263306,2.186563491821289,-1.0491491556167603,-1.2728853225708008,0.7561991810798645,1.1178408861160278,1.220906376838684,-0.8947810530662537,1.213390588760376,0.8177893757820129,-0.36865705251693726,0.3427204489707947,0.5484468936920166,-0.6435415148735046,-0.8915711641311646,-0.8304287195205688,-1.0034812688827515,1.53058660030365,-1.4126694202423096,0.08729913830757141,-0.5829100608825684,-0.5249967575073242,0.5397801399230957,-0.7273787260055542,-0.11639539152383804,-0.7181886434555054,0.28369140625,-0.12237852811813354,-1.7058939933776855,-1.1255801916122437,-0.670447587966919,-0.818865180015564,-0.39318662881851196,-0.029470032081007957,0.4141696095466614,0.6179596185684204,0.5891830921173096,0.012771532870829105,-0.9064640402793884,1.9336252212524414,-0.639938235282898,0.5362040996551514,-0.05732210353016853,0.285997599363327,-1.2283904552459717,-0.7471266388893127,1.0928713083267212,-0.815902590751648,-0.46903786063194275,2.4858293533325195,0.41850700974464417,0.8960349559783936,-0.5294092297554016,-0.17537839710712433,1.0481467247009277,0.3115762770175934,1.5453284978866577,0.5353155136108398,0.9986578226089478,0.14783793687820435,1.476973295211792,-0.5505344271659851,-0.17593516409397125,-0.5789618492126465,-0.975896418094635,0.6354511380195618,2.372081995010376,-0.09257373213768005,-0.3604562282562256,0.23537541925907135,-0.6986374258995056,-0.0699506625533104,0.7050931453704834,1.6576929092407227,2.5187337398529053,1.8345614671707153,-0.5304905772209167,1.0142379999160767,-0.31504586338996887,0.07577218860387802,-0.8006891012191772,-0.21447934210300446,0.030129840597510338,2.4804818630218506,0.5975215435028076,0.5254839062690735,1.5130984783172607,0.16470389068126678,-0.8039921522140503,-0.22995050251483917,2.3634252548217773,-1.7911628484725952,-0.6951018571853638,-0.38422760367393494,-0.3850969970226288
amazon-automotive.csv,-0.24958962202072144,0.7106109261512756,-0.9642572999000549,0.22714000940322876,-2.3430702686309814,1.1789777278900146,1.604751467704773,-1.1619383096694946,-1.4439948797225952,0.4796842336654663,0.99192875623703,1.8389649391174316,0.06499996036291122,1.26031494140625,1.0130892992019653,-1.2180076837539673,0.777493953704834,1.1635468006134033,-0.6781895160675049,-1.430454969406128,-0.34002748131752014,0.014564255252480507,0.6943908333778381,-1.3042649030685425,-0.40643003582954407,-1.1419813632965088,-0.8337547183036804,1.5748200416564941,-0.24766625463962555,-0.08574310690164566,-0.47822505235671997,0.798480749130249,1.456252098083496,-0.8608675599098206,-0.5858699083328247,0.22450971603393555,0.7165128588676453,0.7355726957321167,-0.8055699467658997,0.22477738559246063,0.02713213860988617,0.24935805797576904,1.2494604587554932,-0.17706941068172455,2.6382155418395996,-0.10298701375722885,0.6226077079772949,-0.34925493597984314,0.16215625405311584,-0.5195267796516418,-1.361464500427246,0.20635148882865906,-0.007902632467448711,-0.7597262859344482,2.141489028930664,-0.6765063405036926,0.23672160506248474,-1.366120457649231,1.0852042436599731,0.7574188113212585,1.2121262550354004,0.17550517618656158,-0.3530026972293854,0.8924684524536133,-1.2893497943878174,0.7505604028701782,0.7850705981254578,0.6952351331710815,-0.7079616785049438,-0.8897188305854797,-0.14937947690486908,0.7139514684677124,-0.5615097284317017,-0.23195482790470123,-0.3326898217201233,0.501937747001648,0.5300560593605042,0.14476080238819122,-0.7562065124511719,1.621038794517517,-0.6750566959381104,0.18967992067337036,0.14499422907829285,-1.8161603212356567,-0.25529298186302185,-0.626483142375946,-0.6456735730171204,-0.788798451423645,1.682550072669983,-0.3416529893875122,-0.7665917277336121,1.2564393281936646,-1.48356032371521,-1.5247178077697754,-0.5478453636169434,2.4510960578918457,-2.0889878273010254,-0.1358947604894638,-1.0881413221359253,-0.510623574256897
amazon-digital-music.csv,-0.939855694770813,0.6028162837028503,-0.4671967327594757,0.8534582257270813,-0.7931347489356995,1.3011960983276367,2.9877238273620605,-1.008294701576233,-0.9498107433319092,0.7839237451553345,2.1356470584869385,0.7360352277755737,-0.9805256128311157,1.220500111579895,0.7538685202598572,-0.9935711026191711,0.3216659426689148,-0.124101422727108,-0.09610060602426529,-1.1388779878616333,-0.47200846672058105,-0.6935357451438904,-1.032965064048767,-1.2032415866851807,-0.6869814991950989,-0.17234094440937042,-0.5201563239097595,1.9222923517227173,-0.11912984400987625,-0.1718091070652008,-0.3978615999221802,1.2979109287261963,1.550214409828186,-0.3379472494125366,-1.824987530708313,0.4146437346935272,-0.26350411772727966,1.4309028387069702,0.5838731527328491,-0.2980736196041107,0.2138589322566986,-0.49392154812812805,0.1902395635843277,0.029569661244750023,1.3572722673416138,0.15554450452327728,0.22659803926944733,-0.8358479738235474,0.17412027716636658,-0.8742582201957703,-1.7969167232513428,-0.23871444165706635,-0.6721981763839722,-1.3445727825164795,2.528141736984253,0.0902373269200325,-0.8941822052001953,-1.378404140472412,0.678593099117279,0.7006822824478149,1.0296146869659424,0.14619161188602448,-0.7971984148025513,0.0701044350862503,-0.7001544237136841,0.32407620549201965,-0.2845688760280609,-0.8413052558898926,0.14336687326431274,-0.15050108730793,-0.6057505011558533,1.9503552913665771,-0.5353630185127258,-0.894839346408844,0.88330078125,0.1989198923110962,-0.20180955529212952,-0.1686527281999588,0.06498780101537704,1.9751263856887817,0.7535421252250671,0.016529953107237816,1.123008370399475,-1.2279314994812012,1.0305382013320923,-0.853634238243103,-0.37353453040122986,-0.07600609958171844,1.1630421876907349,0.891821026802063,-0.4299323558807373,1.8635408878326416,-1.4471251964569092,-2.0464277267456055,-0.6533644199371338,1.6658762693405151,-0.7129100561141968,0.6204022169113159,-0.8261653780937195,0.8227474093437195
amazon-cd.csv,-0.5863648653030396,1.4321396350860596,0.02223469316959381,0.16628575325012207,-1.1524027585983276,0.9775235056877136,2.7308411598205566,-0.12536975741386414,-1.66813325881958,0.10877162963151932,1.0683326721191406,1.1461292505264282,-1.5717917680740356,0.12483895570039749,0.41099968552589417,-1.6760965585708618,0.0985194519162178,-0.32819032669067383,0.4392631947994232,-1.4800198078155518,-0.04708493873476982,-2.135108232498169,-0.4064379930496216,-0.3325243890285492,0.754757821559906,-0.4119855463504791,-0.2237762063741684,0.2338397353887558,-0.48048675060272217,1.9572527408599854,0.4799758493900299,-0.18956831097602844,2.272860050201416,-1.6199510097503662,-1.4254306554794312,-0.5317882299423218,-0.1684289574623108,0.2934361398220062,-0.36167439818382263,0.34696710109710693,-0.1970096379518509,-0.06834787875413895,0.603179931640625,-0.32449111342430115,2.4085984230041504,0.2046874761581421,1.0742425918579102,1.7693696022033691,0.07666231691837311,-0.2357172966003418,-1.2034162282943726,-0.8095282912254333,0.09455512464046478,-0.5915983319282532,1.1383233070373535,-0.32310226559638977,0.07620251178741455,-1.0930252075195312,1.0611493587493896,1.3004611730575562,-0.1768377423286438,0.46135610342025757,0.1573338806629181,-0.00738200917840004,-0.1438511610031128,0.9270343780517578,0.16693732142448425,0.046531882137060165,-0.4610571265220642,-0.8146058917045593,0.7869328260421753,2.036155939102173,0.6367272734642029,-1.3689771890640259,-0.43007105588912964,-0.2950211763381958,-0.2055419534444809,1.3795466423034668,0.18604235351085663,1.8210994005203247,-0.2742865979671478,-1.070765495300293,0.67851322889328,0.19616784155368805,0.21502836048603058,-0.6609448790550232,-0.7240641713142395,-0.04241020977497101,1.034637451171875,-0.43937140703201294,-0.4833468198776245,1.6730241775512695,-0.47707629203796387,-1.2401292324066162,-1.063925862312317,1.1476922035217285,-2.5484724044799805,1.1038258075714111,-1.3846871852874756,0.0672847330570221
amazon-instant-video.csv,-0.6348330974578857,0.5598171353340149,-0.09306547045707703,-0.19080711901187897,-0.7635654211044312,0.8186175227165222,1.6545681953430176,-1.0883058309555054,-1.0200963020324707,0.2626637816429138,1.3917961120605469,1.218927264213562,-0.13403719663619995,2.2048044204711914,0.7832749485969543,-0.47191449999809265,0.37578412890434265,-0.5495423674583435,0.04458029940724373,-1.024935245513916,-0.044843293726444244,-1.83562433719635,0.4792269170284271,0.40210118889808655,-0.29929059743881226,0.34167683124542236,-0.005107059609144926,2.005096435546875,0.5575436353683472,-0.30312520265579224,-0.8147702217102051,0.7504730224609375,1.2236850261688232,-1.1298755407333374,-0.5736968517303467,0.24055244028568268,0.1854473352432251,-0.49205082654953003,0.689812958240509,0.05525260046124458,0.34739619493484497,-0.28481268882751465,0.6712566018104553,-0.22739404439926147,1.8856489658355713,-0.08828737586736679,0.8784629106521606,0.1194201409816742,1.218289852142334,-0.2344941645860672,-1.26822030544281,0.6110487580299377,-0.5358842611312866,-0.9950267672538757,2.9399399757385254,0.6751856207847595,0.29325583577156067,-0.7532515525817871,1.2557367086410522,0.5464453101158142,0.9548551440238953,-0.009061815217137337,-0.10700403153896332,0.31908199191093445,1.0189118385314941,0.7779043912887573,-1.6812471151351929,-0.5199388861656189,-0.09373904019594193,-0.45514118671417236,-0.16591259837150574,0.9594637751579285,0.3257831037044525,-1.034734845161438,-0.024846067652106285,-1.1210073232650757,0.3792709708213806,0.5185458660125732,-0.8288108706474304,2.397919178009033,-0.007966913282871246,-1.0039068460464478,1.2444976568222046,-1.1308599710464478,-0.0038402893114835024,-0.39960014820098877,-0.47071728110313416,-0.8309797048568726,0.5072575807571411,0.023767828941345215,-1.701221227645874,2.396695852279663,-2.1073343753814697,-2.6466403007507324,-0.32503944635391235,1.6285996437072754,-1.4192415475845337,-0.2896205484867096,-0.8419728875160217,-0.5263525247573853
amazon-health.csv,-0.766757071018219,0.35345807671546936,-0.5801376104354858,-0.3825562298297882,-1.5716702938079834,0.5005053281784058,2.3867311477661133,-0.5333199501037598,-0.8709318041801453,0.13913221657276154,-0.3881966769695282,1.8212367296218872,0.27696144580841064,2.4091484546661377,0.7019818425178528,-1.238476276397705,-0.43498197197914124,-0.21912795305252075,-0.545311450958252,-1.1022874116897583,-0.010434209369122982,-1.2896809577941895,0.5018004775047302,-0.30294153094291687,0.43935489654541016,-0.3132713735103607,-1.8713096380233765,0.4260549545288086,-0.6503661870956421,0.45659828186035156,-0.5105024576187134,-0.17381390929222107,0.2493874579668045,-1.8850094079971313,-0.47879159450531006,-0.5124563574790955,0.8048280477523804,-0.6406398415565491,1.2549854516983032,0.8513195514678955,-1.1012799739837646,-0.9580977559089661,0.125364288687706,-1.217231035232544,2.5018310546875,-1.0970350503921509,1.2524540424346924,1.072911262512207,1.1431713104248047,1.1538758277893066,-1.1863774061203003,-0.6523910164833069,-0.4956730306148529,-0.927249014377594,1.6170620918273926,-0.49857470393180847,-0.11176805198192596,-0.3165912330150604,1.0923336744308472,0.5487555861473083,0.9441512823104858,-0.37749966979026794,0.9286299347877502,0.6316692233085632,-0.28164371848106384,0.1727006584405899,0.7272045016288757,0.20856763422489166,-1.5433282852172852,-0.628732442855835,-0.44772282242774963,1.0413120985031128,-0.27636390924453735,-1.0103099346160889,-0.49027320742607117,-0.014975088648498058,0.01513486634939909,1.2531952857971191,-0.1616782248020172,1.0287792682647705,0.9569132924079895,-0.5578836798667908,1.518530011177063,-0.6870225071907043,-0.5023180246353149,-1.2392077445983887,-0.05973147228360176,-0.25557464361190796,0.2593282461166382,-0.5059239864349365,-1.0342202186584473,2.4604289531707764,-1.4869024753570557,-0.7620419859886169,-0.5436415672302246,2.114778995513916,-2.1063714027404785,0.7426604628562927,-0.9367145299911499,-0.4563851058483124
yelp.csv,-0.30508339405059814,0.245682030916214,-0.7606444954872131,0.6552159190177917,-1.2996795177459717,1.004324197769165,2.2906253337860107,-1.1186141967773438,-2.3249943256378174,0.8445850610733032,0.8695676922798157,1.4008859395980835,-0.3001349866390228,1.2028722763061523,0.415608286857605,-1.081915259361267,1.411726951599121,1.1246414184570312,-0.21735846996307373,-0.8957476615905762,-0.886396586894989,-1.0487645864486694,0.9525599479675293,-0.22117114067077637,-0.1659259796142578,0.14709465205669403,-0.6318572759628296,1.9347771406173706,-1.1065475940704346,0.8370514512062073,0.05842486768960953,0.03520713001489639,-0.15208686888217926,-0.7883443832397461,0.30675944685935974,-0.025791658088564873,0.03508709743618965,0.00305949873290956,-0.7014971375465393,1.1260579824447632,-0.66102534532547,0.5989054441452026,1.3730326890945435,-0.1558968424797058,2.30731463432312,-0.9141703844070435,0.9171662330627441,0.5338167548179626,0.6238735318183899,1.705048680305481,-0.7855854630470276,-0.6162495613098145,-0.23607388138771057,-1.0256015062332153,1.9057523012161255,-0.12117902934551239,-0.06423760950565338,-1.4881856441497803,0.592462956905365,1.4031485319137573,0.18487435579299927,-0.3616085648536682,0.7934519648551941,0.923261821269989,-0.46237021684646606,0.15912875533103943,1.5075551271438599,0.597896933555603,-0.8010440468788147,-1.2037631273269653,0.383132666349411,0.2221839725971222,-0.06810424476861954,-0.9116472005844116,0.7255151271820068,-1.4375739097595215,0.6653593182563782,1.0561554431915283,-1.078830599784851,0.3516813814640045,0.21460650861263275,-0.016873516142368317,1.203297734260559,-0.7866986393928528,-0.5031378269195557,-1.1300644874572754,0.23453471064567566,-0.8063852190971375,1.0145679712295532,-0.26820874214172363,-0.5835654735565186,1.8711265325546265,-0.7850421667098999,-1.1910306215286255,-1.9756418466567993,2.4072675704956055,-2.015526294708252,0.24438434839248657,-0.12275004386901855,-0.7329004406929016
amazon-movies.csv,-0.11500389873981476,0.24718284606933594,-0.16005495190620422,1.1419963836669922,-0.9705032706260681,0.9422265887260437,1.3411847352981567,-1.5579168796539307,-2.5040926933288574,0.40999072790145874,0.7950678467750549,1.7044531106948853,-0.5196806192398071,1.1949121952056885,1.2555742263793945,-1.187533974647522,-0.9668319821357727,-0.5718984007835388,-0.4469776749610901,-0.9048764705657959,-0.13057579100131989,-0.08007675409317017,-0.3064992129802704,-0.9761027693748474,-0.3588693141937256,0.4916132986545563,-0.6300469636917114,0.5951001644134521,-0.41612064838409424,0.5901896953582764,-1.6128231287002563,-0.4503895342350006,-0.35163435339927673,-1.4964662790298462,-1.4369908571243286,-1.2508686780929565,0.31782805919647217,0.03951023519039154,0.566027045249939,0.4859268069267273,-0.2249078005552292,-0.30893003940582275,-0.22915014624595642,0.53719562292099,2.8825020790100098,-0.28372785449028015,1.1659752130508423,-0.0026910824235528708,0.8331978917121887,-0.29054126143455505,-1.2565698623657227,-0.8123329281806946,0.771077036857605,-1.5206156969070435,1.1854677200317383,0.8228763937950134,-0.1830463707447052,-1.7690467834472656,-0.3133809268474579,1.2153915166854858,0.8979072570800781,0.3651314973831177,-0.09934303164482117,0.5499046444892883,0.6922112107276917,0.24775798618793488,0.20237992703914642,-0.3926865756511688,0.40311744809150696,-1.153570294380188,0.8242350220680237,0.4783742129802704,-0.6169057488441467,-0.7079262733459473,1.0144315958023071,-0.6893953680992126,0.7614450454711914,-0.3837317228317261,0.2078220546245575,1.0679728984832764,0.4567442834377289,-0.6721962690353394,1.3140734434127808,-1.157204031944275,1.3050537109375,0.29143857955932617,-0.24274811148643494,-0.12813392281532288,2.1636605262756348,-0.39216265082359314,1.2221393585205078,0.43963268399238586,-0.9020635485649109,-2.0979104042053223,-0.8034148812294006,1.9737565517425537,-2.5587151050567627,-0.40933188796043396,-1.588263988494873,-0.8113174438476562
amazon-home.csv,-0.5491592884063721,0.2728514075279236,-0.28719162940979004,1.2590306997299194,-0.6859491467475891,-0.23729737102985382,1.659623384475708,-0.5312566161155701,-1.6197338104248047,-0.2345881462097168,1.2789480686187744,1.5689109563827515,0.08067851513624191,1.0245546102523804,-0.5095467567443848,-1.1674729585647583,-0.04724811762571335,1.4561302661895752,-0.21339131891727448,-0.600830078125,0.27036499977111816,0.006253881845623255,-0.7860196232795715,-0.8962252140045166,0.23101189732551575,-0.480605810880661,-0.9431138038635254,0.8818896412849426,0.15229915082454681,0.38145604729652405,0.06509247422218323,0.061092160642147064,0.9873422980308533,-1.6367321014404297,-1.784864068031311,-0.002104245824739337,1.239195704460144,-0.6120821237564087,0.013862134888768196,0.8707800507545471,-1.1849777698516846,-0.1904759556055069,0.26700523495674133,-0.15875600278377533,2.2788381576538086,-0.15145160257816315,0.2991829812526703,-0.07430269569158554,0.9587355852127075,-1.5656801462173462,-0.9501661658287048,-0.3673509955406189,-0.824596107006073,-0.6561659574508667,1.3917261362075806,0.2208404690027237,1.0072931051254272,-0.26115724444389343,1.6095997095108032,1.0847564935684204,0.9621409177780151,0.5594107508659363,-0.07534123957157135,1.3562170267105103,0.10034257918596268,1.1097837686538696,0.41758888959884644,-0.6491106748580933,-1.0742216110229492,-0.9414149522781372,-0.854219913482666,0.6985122561454773,-0.8961414694786072,-0.6196964383125305,0.29196298122406006,-0.2906949818134308,1.3027194738388062,0.08690561354160309,0.3105403482913971,2.601418972015381,0.49003031849861145,-0.4818817675113678,1.4257570505142212,-1.7792224884033203,0.1907246708869934,0.16160933673381805,-0.3738667368888855,0.07058507204055786,1.158582091331482,-0.19334465265274048,-1.2383513450622559,1.6097421646118164,-1.5325582027435303,-0.9443334341049194,-0.5202534794807434,2.8231852054595947,-2.8196568489074707,-0.7805132269859314,-0.663033127784729,0.3291311264038086
flixter.csv,-0.7363733053207397,0.4615825414657593,1.215514063835144,0.017280304804444313,-0.9735437631607056,0.9201857447624207,2.0345206260681152,-1.1614705324172974,-0.8355019092559814,2.108630418777466,1.80403470993042,0.230627179145813,-0.3744393587112427,0.8349019885063171,0.9140631556510925,-2.512822151184082,0.12086303532123566,0.017544254660606384,-0.6887699365615845,-1.1929289102554321,1.4288766384124756,-1.427398920059204,1.2882424592971802,-1.5682744979858398,0.38286301493644714,-0.8695143461227417,0.18683890998363495,0.9508234262466431,0.8452379107475281,0.8742864727973938,-1.0976849794387817,-0.06256094574928284,0.5686383247375488,-1.6592358350753784,-1.333254098892212,-0.695155143737793,0.1626221388578415,-0.19816187024116516,-0.4263875186443329,1.4362603425979614,-0.8082624077796936,-0.8853777050971985,0.1686379313468933,0.4757433235645294,2.277188301086426,0.3309880495071411,1.8394393920898438,-0.47134989500045776,-0.16410072147846222,-0.3495217263698578,-0.6859743595123291,0.2183772474527359,-0.6376466751098633,-1.0559860467910767,2.1199722290039062,1.21872079372406,0.9757164716720581,-0.4015161693096161,-0.26713234186172485,0.9511549472808838,2.338958978652954,0.7141329050064087,0.32751375436782837,1.204575538635254,-1.5745058059692383,0.006119858007878065,0.5569308400154114,0.6841615438461304,-0.9652048945426941,0.11752671748399734,-0.23957429826259613,1.484814167022705,-0.8903841972351074,0.05720152333378792,-0.5972152352333069,-0.29818621277809143,0.2661019265651703,-0.2610250413417816,0.47857049107551575,1.2286665439605713,0.1069011241197586,0.3341091573238373,1.2157052755355835,-0.5999825596809387,-0.12094534933567047,-0.216569721698761,-1.6308716535568237,0.12142978608608246,0.6917086839675903,0.0986613929271698,-0.28107574582099915,0.8270080089569092,-1.0294241905212402,-1.678092122077942,-0.8323090672492981,0.27545854449272156,-1.094730019569397,0.7142971754074097,-1.1482329368591309,-0.40518659353256226
movielens20m.csv,-0.3477228283882141,0.8650790452957153,0.03917163982987404,-0.8022897243499756,0.35831016302108765,1.3428943157196045,2.015166997909546,-0.37449634075164795,0.8694430589675903,2.1287198066711426,1.3245453834533691,-0.003457625862210989,-0.9096219539642334,1.0168753862380981,-0.1946917027235031,-1.6747987270355225,0.8665241599082947,-0.19338278472423553,-0.499942809343338,-0.9475513100624084,-1.1090409755706787,0.01587098464369774,-0.4387875199317932,-1.800652265548706,0.5714536905288696,-1.3881255388259888,-1.0974552631378174,1.1056864261627197,0.18028229475021362,0.0620112270116806,-0.7350081205368042,-0.01933213137090206,0.23281516134738922,-1.4664433002471924,-2.3167471885681152,-0.7878053188323975,-0.45340970158576965,0.9866852760314941,0.3457334339618683,1.2545369863510132,-0.3170831799507141,0.4575696587562561,0.5964710712432861,-0.41251105070114136,1.675146460533142,-0.7628499269485474,2.3840951919555664,-0.6175881624221802,0.5047582983970642,-0.25405675172805786,0.39453282952308655,0.5667692422866821,-0.5949919819831848,-1.3965539932250977,1.936502456665039,-0.4617450535297394,-0.24670244753360748,-0.7023292779922485,0.19650770723819733,1.1492623090744019,0.01899021305143833,0.3315263092517853,-0.136682391166687,0.47826528549194336,0.9298936724662781,-0.7566470503807068,-0.1564834713935852,-1.0040684938430786,-1.8704744577407837,-0.29150256514549255,0.9979451298713684,0.5077098608016968,0.6071676015853882,-0.41863778233528137,0.34659966826438904,0.11821915209293365,0.5503687858581543,0.18390880525112152,0.055621564388275146,1.8167294263839722,-0.3115917444229126,-1.4040693044662476,0.5447131395339966,-1.0344966650009155,0.1932491958141327,-1.311130166053772,0.6315445899963379,-0.8049363493919373,1.2883511781692505,0.07355374842882156,-0.10695966333150864,1.83262300491333,-0.3524615466594696,-1.0736538171768188,-0.9819332361221313,2.9620625972747803,-1.7725894451141357,0.4152411222457886,0.14303593337535858,-0.8996266722679138
movielens100k.csv,-0.01310122013092041,-0.16111592948436737,-0.3748236894607544,0.6759984493255615,-1.7390494346618652,0.989226758480072,2.4109137058258057,0.025828827172517776,0.8234147429466248,0.6108427047729492,1.6806083917617798,1.3064119815826416,-0.3542293608188629,0.838352620601654,0.48111066222190857,-1.0581790208816528,0.41067972779273987,0.07374916970729828,-0.6979380249977112,-0.4827935993671417,-0.535323977470398,-0.7749337553977966,1.9710631370544434,-2.3170738220214844,0.34119030833244324,0.008192789740860462,-0.3095695972442627,0.5547312498092651,-0.5911388397216797,-0.23047518730163574,-1.1785435676574707,-0.0193213801831007,0.8119370341300964,-0.8295983672142029,-0.7961512804031372,0.5371429920196533,-1.0632884502410889,0.23850668966770172,0.8891252875328064,1.28090238571167,0.7908819317817688,-0.10184215754270554,-0.672609806060791,0.3052024245262146,2.6652770042419434,0.4447927474975586,1.6805065870285034,1.6405386924743652,-0.27462038397789,0.7381012439727783,-0.1717342585325241,-0.30007389187812805,-0.32728758454322815,-1.4321136474609375,0.6693498492240906,-0.10549088567495346,0.09916111826896667,-1.8683022260665894,-0.24476073682308197,-0.8883043527603149,1.518635869026184,0.16142436861991882,-0.45860785245895386,0.28736522793769836,-0.6347352266311646,1.4163250923156738,0.02280028909444809,-1.1882785558700562,-1.5731366872787476,-0.2535223066806793,-0.5807874798774719,2.033905267715454,-0.0810878723859787,-0.019510824233293533,0.3486867845058441,-1.2355235815048218,1.431226372718811,-0.0064668781124055386,0.5744742751121521,1.839258074760437,0.5504962205886841,-0.9832352995872498,0.4510646164417267,-0.3950381278991699,-1.048805594444275,-0.21344657242298126,0.1188582181930542,-0.9809094667434692,0.3550064265727997,0.603006899356842,-0.5891578197479248,1.9996181726455688,-0.7160823345184326,-1.4079920053482056,-0.1750430166721344,1.3239774703979492,-1.895723819732666,-0.3951892852783203,-0.6055976152420044,-1.7320348024368286
amazon-phones.csv,-0.3752940595149994,-0.21117852628231049,-0.677791178226471,-0.6058857440948486,-1.5938576459884644,0.7035041451454163,0.5992270112037659,-1.5663442611694336,-1.4165153503417969,0.22928276658058167,1.0099560022354126,1.2698900699615479,-0.003593006171286106,2.29435396194458,1.094840168952942,-0.5021498799324036,-0.008998965844511986,-0.044772952795028687,-0.4036779999732971,-1.2473610639572144,0.02676590345799923,-1.6931562423706055,0.389197438955307,-0.37421685457229614,-0.2842004597187042,-0.8901582956314087,-0.24000626802444458,1.178035020828247,-0.4505554437637329,-1.1020385026931763,-1.4131567478179932,1.16951322555542,1.4189772605895996,-1.7921547889709473,-1.0404407978057861,-0.46067002415657043,0.4036135673522949,-0.2715836763381958,0.0823773592710495,0.4563978910446167,0.32767024636268616,0.020736929029226303,0.191197469830513,-0.5554443001747131,2.2972917556762695,0.23051276803016663,0.6723315119743347,-0.6717010140419006,0.862120509147644,-0.28942424058914185,-1.1331027746200562,0.05441838502883911,-0.05597501993179321,-1.623756766319275,2.3029277324676514,0.43704625964164734,0.23613345623016357,-0.3397957384586334,1.4145543575286865,0.8153255581855774,1.4896150827407837,0.2550346255302429,-0.3939523994922638,0.35811281204223633,-0.053743213415145874,0.9850147366523743,-0.1646064668893814,0.33452311158180237,-0.31478938460350037,-1.052753210067749,-0.3813800811767578,1.5532222986221313,0.00022547350090462714,-0.8646409511566162,0.04622706025838852,-0.09389598667621613,0.1795039176940918,0.17054963111877441,-0.7989620566368103,2.2517600059509277,-0.6727903485298157,-0.7496932148933411,0.45708954334259033,-1.900245189666748,0.029240524396300316,-0.5782238841056824,-1.0023670196533203,-0.3782934248447418,1.2218214273452759,0.10056789219379425,-0.953865647315979,2.0766472816467285,-1.8809455633163452,-1.723044753074646,-0.0048723379150033,1.801997423171997,-2.2351484298706055,0.08647588640451431,-0.8259572982788086,-0.743789792060852
amazon-games.csv,-0.01005121972411871,0.6168434023857117,-0.9507039785385132,0.23129798471927643,-1.3099379539489746,0.6639358997344971,1.2090818881988525,-1.236159324645996,-1.3437550067901611,2.3405442237854004,1.1950678825378418,0.8767697215080261,-0.30126091837882996,0.16947078704833984,0.5922707915306091,-1.8881196975708008,-1.0400277376174927,0.2865397036075592,-0.2553008496761322,-0.38993462920188904,0.6784567832946777,-0.5638543963432312,0.1994585245847702,-1.7606194019317627,0.1831517517566681,-0.6335820555686951,-0.0048219976015388966,1.0798649787902832,-1.2567752599716187,-0.44585493206977844,0.17321114242076874,1.8435670137405396,0.5244680047035217,-1.3731144666671753,-0.7618719935417175,-0.6162401437759399,0.2614784240722656,0.16818276047706604,0.9102030992507935,1.1992987394332886,0.6340756416320801,-0.5242884755134583,1.4844143390655518,-0.8132482767105103,2.525712728500366,0.12656229734420776,1.6450985670089722,0.9708616733551025,-0.2717052698135376,0.011672061868011951,-0.27638140320777893,-0.8688204884529114,0.4177277386188507,-1.2369886636734009,0.14885865151882172,1.7556928396224976,0.5871316194534302,0.045936014503240585,0.7744305729866028,1.0309113264083862,-0.8639752864837646,-0.0713372752070427,-0.10409005731344223,-0.4275674521923065,-0.6247347593307495,1.3522799015045166,-0.13827407360076904,-0.22839464247226715,-0.7486833333969116,-0.41562992334365845,0.3014141917228699,1.9221439361572266,-0.6575214266777039,-1.5005484819412231,0.932321310043335,-1.3437551259994507,-0.07828245311975479,0.2092093825340271,1.1396868228912354,1.3740904331207275,1.7680774927139282,-0.84459388256073,1.0246765613555908,-2.040907382965088,0.6776870489120483,0.3614920377731323,-0.1401652693748474,-0.16739457845687866,0.40072816610336304,-0.18455304205417633,-1.487910270690918,1.6888136863708496,-0.6783298254013062,-0.9272233247756958,-0.7522539496421814,2.337860345840454,-1.2488391399383545,0.19607707858085632,-0.5524678230285645,0.735542893409729
movietweetings_recsys2014.csv,-0.546949028968811,0.8412947654724121,-1.4680784940719604,-0.3436409831047058,-1.6205413341522217,0.8766460418701172,2.1637139320373535,-1.3490723371505737,-1.7137638330459595,0.360239714384079,2.5514492988586426,0.325739324092865,-0.3741374611854553,1.2073644399642944,-0.6981281638145447,-1.538543462753296,-0.45431387424468994,-0.36363282799720764,-0.2673073709011078,-1.1045323610305786,-0.5563159584999084,-0.2640838921070099,0.7458800673484802,-0.8824082612991333,-0.25771909952163696,0.4406421184539795,-1.1867084503173828,1.16874361038208,-0.3398817479610443,0.39828062057495117,-0.3869755268096924,-0.43061354756355286,0.08001089096069336,-1.2607152462005615,-0.7946511507034302,-1.3859480619430542,0.5472959280014038,-0.9584664702415466,0.5596594214439392,0.34731587767601013,0.9662716388702393,-1.0433448553085327,0.9018808007240295,-1.1921701431274414,1.285258412361145,0.02352488972246647,1.1889010667800903,0.8435075879096985,-2.6024832725524902,-0.40319690108299255,-1.9503681659698486,0.1944849044084549,-1.0792523622512817,-0.40084928274154663,2.4455881118774414,-0.7810530662536621,0.10520525276660919,-0.7199496030807495,0.1658642590045929,0.8696433901786804,0.031053204089403152,0.7988903522491455,-0.19790664315223694,-0.6417028307914734,0.9801853895187378,0.7884904742240906,1.106641173362732,-1.1665847301483154,-0.8191170692443848,-1.5989365577697754,-0.36686044931411743,0.03490268439054489,-0.47476333379745483,-0.6988029479980469,0.24484945833683014,-0.7902175784111023,-0.3511373698711395,0.46632295846939087,0.36491668224334717,1.893892526626587,-0.09777362644672394,-1.1276711225509644,1.065999984741211,-0.37172532081604004,-0.19195322692394257,-0.434276282787323,-0.032637644559144974,-0.7295644283294678,1.1116549968719482,0.33771806955337524,-0.5435584783554077,1.1438935995101929,-0.5213484168052673,-1.6316062211990356,-0.9468883275985718,1.5405070781707764,-1.9744669198989868,0.6367029547691345,-0.8885875344276428,-0.461247980594635
movielens1m.csv,-0.7291077971458435,0.19492165744304657,-0.16653232276439667,-2.3556771278381348,-0.8384474515914917,0.5387365221977234,2.4474358558654785,-0.5146286487579346,-0.9248106479644775,0.856643557548523,0.8006537556648254,1.1638964414596558,-0.8877507448196411,1.061926245689392,-0.29857438802719116,-0.827351987361908,-0.15393950045108795,0.2551387548446655,-1.1393779516220093,-1.7813072204589844,0.29170429706573486,0.30525732040405273,0.4604990780353546,-0.7552721500396729,-0.3180820941925049,-0.5912411212921143,1.4665664434432983,1.5538467168807983,-0.6073702573776245,0.5699498653411865,-0.8873306512832642,0.46916070580482483,0.24971148371696472,-1.236820101737976,-0.8242446780204773,-1.145571231842041,-0.23245467245578766,-0.40768709778785706,-0.2528359591960907,0.026728760451078415,0.9824509620666504,-0.14128780364990234,0.13026823103427887,-0.636963963508606,2.385100841522217,-0.9235250353813171,1.3381918668746948,0.645829439163208,1.0623425245285034,-0.8789088129997253,-1.287770390510559,0.35625532269477844,-0.2116248458623886,-1.0838929414749146,1.3580464124679565,1.3246532678604126,-0.45839130878448486,-1.4466116428375244,0.9361404776573181,0.284232497215271,0.3904283940792084,0.974087119102478,1.0075139999389648,0.6243544220924377,1.0985058546066284,0.4389347732067108,0.4123075008392334,-1.7181133031845093,-0.417324423789978,0.23165284097194672,-0.6912016272544861,2.045198678970337,-0.22788238525390625,-1.0702511072158813,-0.5079959034919739,-0.4757683277130127,-0.03017403930425644,0.586046040058136,0.07166334986686707,-0.3476226031780243,1.0952746868133545,-1.1564841270446777,1.8450062274932861,-2.0565996170043945,-1.3251159191131592,-0.6742811799049377,-0.6544308066368103,0.11378581076860428,0.4696202576160431,-0.3855752646923065,0.7856674790382385,1.4520671367645264,-1.5093755722045898,-1.658884882926941,-1.1083697080612183,0.852268636226654,-1.5838640928268433,-0.373191773891449,-1.025909423828125,-1.277262806892395
amazon-toys.csv,0.7094132304191589,0.31808599829673767,-1.3396449089050293,-0.18235959112644196,-1.1750433444976807,0.30707889795303345,2.383099317550659,-1.0448139905929565,-1.22480309009552,0.811852216720581,1.5965461730957031,1.1138652563095093,-0.3285081088542938,1.3554166555404663,1.3793303966522217,-0.911862313747406,0.42335939407348633,0.9419382214546204,-0.8540563583374023,-1.9533166885375977,0.1283433586359024,-0.5510512590408325,1.4530348777770996,-0.3880294859409332,-0.07196603715419769,-0.6563658714294434,-0.5711825489997864,0.4754053056240082,-0.36807259917259216,-0.42748844623565674,-0.2395348995923996,0.45379114151000977,0.8231860995292664,-1.2117305994033813,-1.1432044506072998,-0.7486586570739746,1.08319890499115,-0.1526743769645691,0.3624178171157837,0.4743709862232208,0.4504362940788269,-0.2723556458950043,0.6599217653274536,-0.59469074010849,3.0164196491241455,-0.044254131615161896,1.9839239120483398,0.3794478476047516,0.04190606251358986,-0.2631009519100189,-1.1752238273620605,0.2496195286512375,0.7149702906608582,-1.2922829389572144,1.7191417217254639,-0.3179466724395752,-0.2074136584997177,-0.4529794752597809,1.2110342979431152,0.39142900705337524,0.7558547854423523,-0.34091973304748535,-0.7454875707626343,-0.07296830415725708,-0.2885826826095581,1.2956396341323853,0.597661554813385,-0.47388213872909546,-0.9299760460853577,-1.0160645246505737,0.2113056629896164,0.4966708719730377,-0.17981798946857452,-0.5024141669273376,0.4269038736820221,-0.00548784714192152,0.7710590958595276,0.025973904877901077,-0.9675449132919312,1.2977313995361328,0.9954677224159241,-0.5455236434936523,1.1703885793685913,-0.6760860681533813,-1.4791489839553833,-1.3817497491836548,-0.8747155666351318,0.9367459416389465,2.123631715774536,-0.36255574226379395,-1.6986356973648071,1.7147890329360962,-0.5178507566452026,-0.9968559145927429,-0.36579275131225586,2.207188367843628,-1.8026467561721802,1.0693000555038452,-0.7429839372634888,-0.7065383195877075
amazon-tools.csv,-0.4295819401741028,-0.2571655213832855,-0.00344870681874454,0.6245687007904053,-1.8398041725158691,0.9082468152046204,1.4794316291809082,-0.8814916610717773,-0.7639368772506714,0.9273755550384521,1.0248230695724487,0.1796347200870514,0.35983195900917053,1.2069859504699707,1.0579440593719482,-1.3560863733291626,-0.16398635506629944,0.07533933222293854,-0.6897265911102295,-1.3160227537155151,-1.5676326751708984,-1.3349703550338745,-0.4808831512928009,-1.3550115823745728,0.24598976969718933,0.47100380063056946,-0.4232970178127289,0.49577245116233826,0.14361879229545593,0.20890729129314423,-0.1487698256969452,0.3857005834579468,1.9748791456222534,-0.532649040222168,-0.9263956546783447,-0.7927916646003723,0.34671807289123535,0.4734991192817688,-0.05636846646666527,2.0083701610565186,-0.019903546199202538,-1.0861879587173462,0.05752205103635788,-0.16586194932460785,3.229362726211548,-0.07191339880228043,-0.33380597829818726,0.4004293382167816,0.07153264433145523,-1.7290794849395752,-0.7310562133789062,0.34555473923683167,-0.09844568371772766,-0.5905375480651855,1.8967267274856567,-0.11968471854925156,-0.07881458103656769,-0.4303875267505646,0.5118915438652039,0.9198064804077148,-0.5003502368927002,0.5748422145843506,-0.6326389908790588,0.8010106682777405,-1.817071795463562,0.4039720594882965,-1.2423810958862305,-0.5376184582710266,-1.2038843631744385,-1.6268742084503174,0.638910710811615,0.19297504425048828,-0.23225246369838715,-1.3459358215332031,0.41943612694740295,0.33876901865005493,0.6500851511955261,0.9007959961891174,-1.9523369073867798,1.56521737575531,0.8481572270393372,-1.0828133821487427,1.7558058500289917,-0.9308620095252991,-0.7806262373924255,-0.7511227130889893,-0.04532682150602341,-0.9348470568656921,0.2897877097129822,0.005004107486456633,1.3163591623306274,1.1255385875701904,-1.056199312210083,-1.4166147708892822,-0.8482411503791809,1.6767829656600952,-2.0408780574798584,-0.27957257628440857,-0.9209030866622925,-0.950649082660675
bookcrossing.csv,0.8730912208557129,0.5907105207443237,-0.30712610483169556,0.12953713536262512,-2.1557557582855225,1.0222622156143188,2.0975215435028076,-0.4694756865501404,-1.479629635810852,0.2936179041862488,1.4182614088058472,-0.07635301351547241,-0.6429129242897034,-0.3246351182460785,1.522260069847107,-1.1139850616455078,0.7012545466423035,-0.7147975564002991,-0.2701300382614136,-0.9483835697174072,0.5133599042892456,-0.8645151257514954,-0.28967347741127014,-0.22028258442878723,-1.0030561685562134,-0.6657751202583313,-1.2303155660629272,1.3344420194625854,0.20564958453178406,-0.16577036678791046,1.0703859329223633,-0.15655790269374847,0.9083097577095032,-0.8159588575363159,-1.5850402116775513,0.4779210686683655,0.939787745475769,0.12311985343694687,1.7763690948486328,0.830967128276825,0.37453708052635193,0.25790855288505554,1.117663860321045,-0.07359269261360168,2.685997724533081,-1.6991087198257446,2.315340518951416,0.27071690559387207,0.5681133270263672,-0.8008502125740051,-0.8117981553077698,1.0244054794311523,-1.1417474746704102,-2.0845956802368164,1.429649829864502,0.9806360006332397,0.6609218120574951,-1.0080124139785767,0.33836954832077026,0.021050089970231056,0.5442659258842468,0.22904884815216064,0.2825741767883301,-0.02515830285847187,-0.2868204116821289,0.057262349873781204,0.5752617716789246,-0.7795315980911255,0.40198615193367004,-0.23908528685569763,-0.3165091276168823,1.1254587173461914,-0.9311837553977966,-0.3132707476615906,0.6767154932022095,0.3962324261665344,1.6025514602661133,1.3496299982070923,-0.48913857340812683,0.4510093927383423,1.223218321800232,-1.3167989253997803,1.8533421754837036,-1.1932772397994995,-0.4708426296710968,-0.039099473506212234,-0.8826090693473816,-0.7280377745628357,0.932594358921051,-0.004010286647826433,0.3643287122249603,0.6011474132537842,-0.7252832651138306,-1.7018002271652222,-0.7752609848976135,1.9022648334503174,-1.8684245347976685,0.2210945039987564,-0.39619266986846924,0.591697633266449
movietweetings_latest.csv,-0.13107673823833466,0.055989839136600494,-0.197908416390419,1.4175200462341309,-0.5629332065582275,0.1158033013343811,0.7074871063232422,-1.3270769119262695,-1.4668235778808594,1.466041088104248,1.5169711112976074,1.1645970344543457,-1.8261089324951172,0.9888972640037537,1.0306897163391113,-0.9696904420852661,0.12050118297338486,0.06386692821979523,-0.3927304148674011,-0.22709199786186218,-0.2030089944601059,-2.2289962768554688,0.5040640234947205,0.8561931252479553,-1.4418636560440063,-0.8596500158309937,-0.16303648054599762,0.5429581999778748,-0.38283613324165344,-0.5141711235046387,-1.0685781240463257,-0.48655232787132263,0.3133517801761627,-1.9560112953186035,-0.8235684037208557,-1.4612247943878174,-0.0560455322265625,0.06278711557388306,0.3425323963165283,1.7705343961715698,0.2846936583518982,0.23924486339092255,0.41697102785110474,0.4361558258533478,1.3660790920257568,-1.5943394899368286,1.366841435432434,0.40300819277763367,-0.0915733128786087,-0.09221865981817245,-1.591690182685852,0.09663806855678558,-0.432515949010849,-0.6802194118499756,1.9384046792984009,0.4332863986492157,-0.059301748871803284,-2.264176607131958,0.8357868790626526,-0.12073586881160736,0.2932097911834717,1.0991511344909668,-0.30570945143699646,1.2440857887268066,0.5684055089950562,0.3506413400173187,0.3042648732662201,0.3204754590988159,-1.958268165588379,0.2946109473705292,0.6270988583564758,2.1000332832336426,-0.3460533916950226,-1.113093376159668,-0.027528926730155945,-0.35094258189201355,0.38481405377388,0.7773568034172058,-0.48889437317848206,2.2008330821990967,0.2690666615962982,-0.5585169196128845,0.44208577275276184,-0.9711968898773193,0.0729798823595047,-0.27593958377838135,-0.4424534738063812,0.4426838755607605,-1.333308458328247,0.6523557901382446,1.01828134059906,1.4834033250808716,-1.3201022148132324,-1.5741021633148193,-0.4614168703556061,1.9662516117095947,-1.6268563270568848,1.2523839473724365,-0.16806259751319885,-0.6170437335968018
movielens_latest.csv,-1.4820737838745117,0.03258935734629631,0.3705097436904907,-0.4146784543991089,-0.692003607749939,0.9133149981498718,2.789224624633789,-0.9016904234886169,-0.9837825298309326,0.17550422251224518,0.7110700011253357,-0.7066088914871216,-1.5684397220611572,1.8857157230377197,0.2601388692855835,-0.5343382358551025,-0.7785695195198059,0.2922496795654297,-0.378379225730896,-1.1824039220809937,-1.0602284669876099,-1.6271305084228516,1.50605309009552,-0.3071800470352173,0.6121726632118225,0.9849648475646973,0.36985474824905396,1.172867774963379,0.08396311849355698,-0.18086490035057068,-0.6555013656616211,0.029626961797475815,-0.8370583653450012,-0.6684871315956116,-0.37583377957344055,0.6403748393058777,0.00944823119789362,0.7319108843803406,1.0990455150604248,1.635594129562378,-0.9001212120056152,-0.4980175197124481,-0.03674432262778282,-0.5003841519355774,1.8032349348068237,0.6607359051704407,1.1459753513336182,-0.6769278645515442,0.8360041975975037,-0.171414315700531,-1.0659382343292236,-0.7162021994590759,-1.3441494703292847,-1.1588869094848633,0.8199800252914429,0.8769800066947937,-0.22494053840637207,-0.7114088535308838,-0.17687863111495972,1.7421460151672363,-0.872921347618103,-0.40710243582725525,-0.24012285470962524,-0.4006803333759308,-0.3572630286216736,-0.5205835700035095,1.0256403684616089,-0.93328458070755,-1.126268744468689,-1.2157970666885376,0.2654306888580322,1.893405795097351,-0.6091606020927429,-1.0088224411010742,-0.19382573664188385,0.4678063690662384,1.134206771850586,0.11061069369316101,0.13880309462547302,1.439283847808838,-0.3283425271511078,-1.3628101348876953,0.6377177834510803,-0.8782475590705872,-0.4124688506126404,0.0652315691113472,-2.218691825866699,-0.40382564067840576,0.5218631029129028,0.5580285787582397,-0.12440183013677597,1.601531982421875,-0.7625269889831543,-1.6214462518692017,-0.8732942342758179,2.9164159297943115,-2.051626443862915,-0.1492103636264801,-0.11447972059249878,-0.9198517799377441
yahoo-movies.csv,-1.169931411743164,1.0314468145370483,0.2735893130302429,-0.672168493270874,-1.0888174772262573,1.4073851108551025,0.9246966242790222,0.12405402958393097,-0.9679833650588989,1.3471869230270386,1.2365342378616333,0.6579201221466064,0.10333484411239624,1.5255110263824463,0.7444705963134766,-2.0620570182800293,0.6032586097717285,-0.19015783071517944,-0.20449772477149963,-0.6489726901054382,-0.5294976830482483,-0.5286422371864319,-0.5768709778785706,-0.9529149532318115,-0.3451189696788788,0.8535822629928589,-1.1334598064422607,-0.719066858291626,-1.4727801084518433,-1.1478623151779175,-0.43487748503685,0.5592826008796692,1.4456381797790527,-1.240435242652893,-0.5108208060264587,-0.6866577863693237,0.17878307402133942,-0.12180186808109283,0.15785862505435944,0.3735417127609253,-1.4055951833724976,0.16862785816192627,0.6735616326332092,0.7514269948005676,1.9340620040893555,-0.6483522057533264,1.374687910079956,-0.10290274024009705,0.036205243319272995,-1.236237645149231,-1.258603811264038,-0.6072109937667847,-0.2253907024860382,-1.1762758493423462,0.9976670742034912,2.641172170639038,0.17533130943775177,-0.7685116529464722,0.03595476597547531,0.16570350527763367,1.0004292726516724,0.871528148651123,1.1236120462417603,1.54269540309906,0.036952611058950424,1.0100895166397095,0.2699572741985321,-0.5319985151290894,-0.6617245078086853,-0.8060859441757202,0.030346933752298355,1.5176610946655273,-0.9171215295791626,-0.4463202953338623,0.9244272112846375,-0.46522513031959534,-0.7098579406738281,0.4739242494106293,-0.5764244794845581,1.2482779026031494,-0.7394277453422546,-0.9373756051063538,0.3439599871635437,-0.8489238619804382,0.9206507802009583,-1.27365243434906,-1.063075065612793,-0.2518119215965271,0.33188897371292114,1.2453490495681763,-0.10716186463832855,2.4999680519104004,-0.674472451210022,-2.356734275817871,-0.782131552696228,1.6567569971084595,-2.278954267501831,-0.5683810710906982,-0.10561492294073105,-1.0020201206207275
amazon-office.csv,0.2109711617231369,-0.5110816955566406,-0.11213833838701248,0.5307490229606628,-0.781389057636261,0.8835115432739258,1.2472401857376099,-0.8531541228294373,-1.7602729797363281,0.6276838779449463,1.0062252283096313,1.2958085536956787,0.07287552207708359,1.363219976425171,1.5960520505905151,-0.8537172079086304,0.7558164596557617,-1.61412513256073,-1.0166035890579224,-0.6633023619651794,-0.2850053012371063,-0.20457695424556732,0.2949759364128113,-0.2821088135242462,0.002622173400595784,-0.344795286655426,-0.9036959409713745,0.8239623308181763,1.0432883501052856,-0.22441548109054565,-0.6983692049980164,-1.1768838167190552,0.4860270917415619,-0.6625783443450928,-1.0323874950408936,-0.08910300582647324,0.7567624449729919,-0.25640150904655457,1.2788580656051636,0.7844997048377991,0.6604108214378357,0.5091301202774048,0.4784865975379944,-0.48768869042396545,2.0076098442077637,-0.28168776631355286,0.5813284516334534,-0.3744729161262512,1.7831075191497803,0.38369283080101013,-1.3040542602539062,-0.5360717177391052,-0.2181796133518219,-3.220588207244873,2.293079376220703,0.15831463038921356,-0.6453401446342468,-1.0967638492584229,0.3098037838935852,0.8567882776260376,0.654061496257782,-0.29457542300224304,0.9562814235687256,0.6812472939491272,0.6288340091705322,0.23410454392433167,0.3443555235862732,0.19900400936603546,-0.5818922519683838,-1.984134554862976,0.22130466997623444,0.7058230638504028,-0.6862248778343201,-0.9743461608886719,0.3923383057117462,0.19552861154079437,-0.10269062966108322,0.6714553236961365,0.15420015156269073,2.0237958431243896,0.7210056185722351,-0.7295994758605957,1.2324702739715576,0.9143187403678894,-0.39317354559898376,0.8761765956878662,-0.2873418629169464,0.15216301381587982,0.7143198251724243,-0.12769830226898193,0.12044569104909897,0.5265025496482849,-1.0524773597717285,-2.062474012374878,-0.7876864075660706,2.474825382232666,-2.995532512664795,-0.5558062791824341,-0.8348880410194397,-0.35088250041007996
amazon-clothes.csv,0.6158503293991089,0.9159668684005737,-1.772666335105896,0.3600277304649353,-2.1279103755950928,1.2572295665740967,1.2203301191329956,-1.2117024660110474,-2.2476460933685303,0.09387963265180588,1.6913412809371948,1.7806748151779175,-0.5224471092224121,1.0860577821731567,1.1838520765304565,-1.8233023881912231,-0.0685894787311554,0.7054533958435059,-0.35072061419487,-1.67652428150177,-0.08628646284341812,-0.03192291781306267,0.6123200058937073,-0.6851581335067749,-0.37428727746009827,-0.5673486590385437,-0.8098170161247253,1.2521307468414307,0.4533306658267975,-0.36553654074668884,-0.30637800693511963,0.13200946152210236,-0.044498082250356674,-0.859740674495697,-0.7711433172225952,-1.0608527660369873,-0.7135311365127563,0.4444580674171448,-0.2584857642650604,0.7239325642585754,-0.6440581679344177,-0.4074013829231262,1.479570984840393,0.11678846180438995,1.9389326572418213,-0.7478779554367065,1.0120710134506226,-0.09253142029047012,1.0862104892730713,-0.22863899171352386,-1.1353684663772583,0.32902368903160095,-0.2996554672718048,-1.4447954893112183,1.193084955215454,0.1618708223104477,0.7275819778442383,-1.0352537631988525,-0.2558894157409668,0.6699943542480469,1.5012016296386719,0.5519106984138489,0.020456448197364807,0.9053741097450256,-1.1295044422149658,0.6513628959655762,0.3307824432849884,0.6554847955703735,-0.27448469400405884,-1.4295508861541748,-0.19661222398281097,0.9154807925224304,-0.10045330971479416,-2.0506794452667236,0.016357308253645897,0.017810186371207237,0.43281424045562744,-0.081410713493824,-0.8888445496559143,1.2314573526382446,-0.2568194568157196,-0.7083488702774048,0.4745047688484192,-1.7051615715026855,-0.21806441247463226,0.32345306873321533,-0.3658778965473175,-1.1986452341079712,1.379341959953308,-0.03866063803434372,-0.2082376778125763,2.376284122467041,-0.7694846391677856,-2.3243248462677,-0.6669372916221619,1.5070912837982178,-1.5534932613372803,0.015613407827913761,-0.9665029048919678,-1.0377358198165894
jester3.csv,-1.237148642539978,1.2778187990188599,0.8648107051849365,-0.6166961193084717,-1.1228454113006592,0.10259184241294861,2.6731019020080566,0.004956250544637442,-0.365927517414093,0.4742094576358795,1.969031572341919,1.0896409749984741,-0.14257481694221497,0.5881862640380859,1.2680604457855225,-0.13233941793441772,0.5101391673088074,0.10819718986749649,-0.45518049597740173,0.5105944275856018,-0.7511907815933228,-2.0170247554779053,0.10305627435445786,-0.07889452576637268,0.684623658657074,-0.6837232708930969,0.10616007447242737,2.064055919647217,-1.1454594135284424,-0.42748427391052246,-0.8613823056221008,-0.053207773715257645,0.26948821544647217,-2.665029764175415,-0.2457292079925537,-1.2659293413162231,0.5889743566513062,-0.6714853048324585,0.11325887590646744,1.3924435377120972,0.11252204328775406,-0.7050926089286804,0.3028183877468109,0.08453835546970367,2.308192491531372,-1.263347864151001,0.23659388720989227,0.04200373962521553,-0.22389815747737885,-0.17194095253944397,-0.0678190141916275,0.016762137413024902,-0.7058669328689575,-1.6917482614517212,1.6187279224395752,-0.845095157623291,0.15519896149635315,-0.8633180856704712,-0.2189425677061081,1.2972098588943481,0.9086579084396362,0.972854495048523,-0.25452959537506104,0.5253530740737915,-0.5501589775085449,-0.3800384998321533,-0.5548750758171082,-0.05617501214146614,-0.44417592883110046,-0.31545987725257874,-0.7423418760299683,0.9638360738754272,-0.8780654668807983,-0.7126613259315491,0.6126708388328552,-1.06546151638031,-0.14557839930057526,-0.25455692410469055,-0.20212391018867493,0.5934394001960754,1.0767358541488647,-2.2789361476898193,-0.20431792736053467,-0.8057732582092285,-0.057444386184215546,-0.5880967378616333,-1.2314988374710083,-0.3714333176612854,1.525777816772461,0.28429707884788513,-0.2434190958738327,1.57974112033844,-0.6676751971244812,-1.4841269254684448,-0.31236597895622253,1.9945281744003296,-2.2056031227111816,-1.180947184562683,-1.5358184576034546,-1.1458358764648438
amazon-food.csv,-0.19161604344844818,1.1309179067611694,0.17544874548912048,0.8183308839797974,-1.163156509399414,0.9367777109146118,2.1363000869750977,-0.9638921618461609,-2.324622869491577,0.04677136242389679,1.1575758457183838,1.235198736190796,-0.8922970294952393,0.5136545300483704,0.8708856105804443,-1.2401331663131714,0.38323140144348145,-0.682141125202179,-0.2940064072608948,-0.7636110186576843,-0.5964320302009583,-1.9691563844680786,-0.017170874401926994,-0.5542371273040771,-0.01793493516743183,-0.599949300289154,-0.5417418479919434,0.29688194394111633,-0.870913028717041,0.355631560087204,-0.4588411748409271,-0.13940124213695526,1.1235170364379883,-1.8919075727462769,-1.2584197521209717,-1.1005923748016357,-0.01121473778039217,-0.202009379863739,0.853437602519989,-0.36575719714164734,-0.7818727493286133,-0.3359951376914978,0.7442663311958313,0.18602372705936432,2.165835380554199,-0.4110216796398163,1.7160276174545288,1.1847046613693237,0.900434136390686,-0.732054591178894,-1.1311506032943726,-0.6098024845123291,-0.1362600475549698,-1.4675449132919312,1.2677788734436035,0.19672752916812897,0.06491575390100479,-0.3491985499858856,0.6213476657867432,0.6590016484260559,0.5342656373977661,-0.1496380865573883,-0.16904141008853912,-0.5551741123199463,-1.4788503646850586,1.2222909927368164,0.11267761141061783,0.02238110825419426,-0.058590494096279144,0.055753279477357864,0.6719441413879395,1.0535590648651123,0.8328980207443237,-1.9518927335739136,-1.223679780960083,0.8959280848503113,-0.06368816643953323,1.1922811269760132,-0.4570973813533783,1.233704924583435,-0.12726600468158722,-0.24306459724903107,0.7243492007255554,-1.0166149139404297,-0.7112022638320923,-0.8882595896720886,-0.21956494450569153,-0.23857195675373077,1.3341847658157349,-0.049543701112270355,0.4376988410949707,1.84087073802948,-0.09570867568254471,-2.1996424198150635,-1.7833307981491089,1.8498220443725586,-2.7689552307128906,0.7050773501396179,-0.4977880120277405,0.06870760768651962
amazon-kindle.csv,0.3750620484352112,1.6195111274719238,-0.46803930401802063,-0.26859718561172485,-2.0683937072753906,0.7840890288352966,1.7015838623046875,-0.685730516910553,-1.1870020627975464,0.23011885583400726,0.513456404209137,0.8092150688171387,-1.0431123971939087,0.8471285700798035,1.125205636024475,-1.0247446298599243,-0.30451199412345886,-0.4950724244117737,-0.6259173154830933,-1.9775408506393433,1.4066333770751953,-1.1075968742370605,1.3267921209335327,0.5116295218467712,0.06494491547346115,-0.19917292892932892,-0.8780928254127502,0.5374693274497986,-0.13733047246932983,-0.44297635555267334,-0.7826831936836243,0.2808200418949127,0.4138166010379791,-1.023620367050171,-1.968065619468689,-0.7788481712341309,0.302402526140213,0.3254925012588501,1.205153226852417,0.8719067573547363,-0.6908646821975708,-0.41365739703178406,-0.3412400782108307,-0.17018072307109833,1.133390188217163,-0.42127716541290283,0.31589841842651367,0.5569576025009155,-0.3656551241874695,0.4342576265335083,-0.9616410732269287,-0.2820771634578705,-0.53867506980896,-2.2107512950897217,2.3165104389190674,0.1675068438053131,0.18518105149269104,-1.2870548963546753,0.17444270849227905,1.1092474460601807,1.0055197477340698,-0.12744516134262085,0.3676516115665436,1.177680253982544,0.8468195796012878,-0.05785199999809265,-0.11567876487970352,-0.06314724683761597,-0.4925733804702759,-1.2557438611984253,-0.3826981782913208,1.6548526287078857,-1.0113767385482788,-0.9572489261627197,0.8085355758666992,-0.621084988117218,0.5775942802429199,2.058138370513916,-0.19519327580928802,2.306840658187866,0.46006548404693604,-0.23304003477096558,1.1470552682876587,-0.4405406415462494,-0.5394445657730103,-1.3877238035202026,-0.19589459896087646,0.21720394492149353,1.3461308479309082,-0.1610342115163803,-0.6615634560585022,1.4626456499099731,0.1772512048482895,-1.049643635749817,-0.6261537671089172,2.489856719970703,-2.306037425994873,1.0457855463027954,-0.2684669494628906,-1.0394216775894165
amazon-apps.csv,-0.7863181829452515,0.7154958248138428,-1.4150136709213257,0.8218793869018555,-1.5460634231567383,0.24843741953372955,1.4898416996002197,-0.8760286569595337,-1.2554974555969238,0.26332762837409973,1.439205527305603,1.0177819728851318,-0.24966682493686676,1.167972207069397,1.1643702983856201,-0.10695335268974304,0.6618412137031555,-0.1662733554840088,-0.367352694272995,-0.7588216662406921,0.5457355976104736,-0.510347843170166,0.39093223214149475,-0.9779531359672546,-0.22471123933792114,-1.1451568603515625,-1.237292766571045,1.101271390914917,-0.2850402593612671,0.08558549731969833,-0.4981698989868164,-0.5184623599052429,0.7908236980438232,-0.9516105055809021,-1.9226949214935303,-0.502159595489502,0.8784021735191345,-1.0642949342727661,-0.09736496210098267,0.6551935076713562,0.3044990003108978,-0.17860783636569977,0.01402718760073185,-0.009209263138473034,2.5820865631103516,0.12233738601207733,1.2562106847763062,-1.8666868209838867,0.7614381909370422,-0.43206897377967834,-0.7701577544212341,0.05669320002198219,-0.8082810044288635,-1.3454954624176025,3.4605395793914795,0.37512946128845215,1.0902827978134155,-0.6086251735687256,1.1374413967132568,0.575005054473877,0.8751608729362488,0.21381157636642456,-0.6490307450294495,-0.4307439625263214,-0.5514671206474304,0.8994725346565247,0.811214804649353,-0.26260995864868164,-0.393442302942276,-0.6922409534454346,0.30497485399246216,1.4725059270858765,-0.9943808317184448,-1.992782711982727,-0.03533557057380676,-0.18713001906871796,0.7400718927383423,-0.1636284440755844,0.17955785989761353,2.2767140865325928,-0.5299496054649353,-0.8135372400283813,1.108967661857605,-1.2583948373794556,0.07400012761354446,-0.2453395277261734,-0.5301649570465088,0.6788334250450134,0.16079042851924896,0.1225462555885315,0.05998622253537178,1.7960933446884155,-0.7499856948852539,-1.2412850856781006,-0.06634639948606491,1.730918526649475,-2.5341832637786865,0.46090611815452576,-0.24927887320518494,-0.5079044699668884
jester1.csv,-0.981036901473999,0.15928272902965546,0.5490147471427917,-0.060226064175367355,-0.784636378288269,1.10152006149292,1.6670314073562622,-0.09260602295398712,-1.2805074453353882,0.2083863466978073,1.472476601600647,1.95266592502594,-0.29785487055778503,1.1251628398895264,0.4187678396701813,-1.1400911808013916,0.899219274520874,-0.12243292480707169,0.11012829095125198,-1.2367583513259888,-0.9012225270271301,-0.25631389021873474,0.7219533324241638,-1.647398829460144,-0.053193870931863785,-1.0730434656143188,0.10731259733438492,1.5606330633163452,-1.2905422449111938,-0.6269205808639526,-0.7476577162742615,-0.71323561668396,-0.05899940803647041,-0.6944949626922607,-0.8835565447807312,0.5965121388435364,-0.23884159326553345,0.6186739802360535,0.4630810618400574,0.5148410797119141,-0.42027851939201355,0.18878841400146484,1.59363853931427,-0.711357831954956,1.2973251342773438,0.09397094696760178,1.7891643047332764,0.715316891670227,1.2867887020111084,-0.22486227750778198,-0.8936489820480347,-0.5260708928108215,-2.2323288917541504,-1.6288411617279053,2.0382609367370605,0.05690745636820793,0.12280222028493881,0.29219064116477966,0.6667644381523132,1.4265644550323486,0.9990390539169312,0.3408443033695221,0.3585209250450134,1.0845186710357666,-0.684056282043457,1.3308722972869873,-0.09576380997896194,-0.7081299424171448,-1.2860167026519775,-0.840589702129364,-0.33437803387641907,1.2870358228683472,-0.9481601119041443,-0.532602071762085,0.3685326874256134,-0.5784916877746582,-0.4621492922306061,-0.35589319467544556,-0.3211784064769745,2.213359832763672,1.4180238246917725,-0.7844154238700867,0.7418434619903564,-0.38331928849220276,-0.21371892094612122,0.14626039564609528,-0.3029630780220032,-0.14115813374519348,1.2503654956817627,-0.13393928110599518,1.0667555332183838,2.205374002456665,-0.7824521064758301,-1.5686088800430298,-0.9263646602630615,1.0712085962295532,-2.2407848834991455,0.7230919599533081,-1.9519730806350708,-0.46863073110580444
yahoo-music.csv,-0.8648846745491028,0.5617731809616089,-0.7937124371528625,-0.2390565723180771,-1.487486720085144,0.5772796869277954,1.5624834299087524,0.49982336163520813,-0.6650803685188293,0.6887279748916626,1.6254525184631348,-0.028522176668047905,-0.27591100335121155,0.025451991707086563,-0.22159749269485474,-0.8943570852279663,-0.5854700207710266,-0.3010812997817993,-1.2036240100860596,-0.9958837032318115,-1.3810787200927734,-1.5823583602905273,-0.24034395813941956,-0.6334352493286133,0.4217652678489685,-0.8774445652961731,-0.7834997773170471,1.8451539278030396,-0.02711513824760914,-0.33171480894088745,-1.3350082635879517,0.30476364493370056,0.6549080014228821,-0.7867448925971985,-2.099745035171509,0.2557380795478821,-1.0436375141143799,-0.0892125740647316,0.48778367042541504,2.348066568374634,-0.0694306269288063,-0.7409119009971619,0.26358890533447266,-1.708830714225769,2.005830764770508,-0.35136958956718445,0.0008867932483553886,1.2898643016815186,0.4351575970649719,-0.8200772404670715,-0.19854308664798737,0.5658093094825745,-1.0064805746078491,-0.4287685751914978,1.7537329196929932,1.0421390533447266,-0.2605647146701813,-0.15665459632873535,0.24199220538139343,0.4614330232143402,1.6510429382324219,-0.6251177787780762,0.18733516335487366,1.9448955059051514,0.3569037914276123,0.9336398839950562,0.6988543272018433,-0.31342726945877075,-1.2154581546783447,-0.25478753447532654,1.0906563997268677,1.7268961668014526,-0.358519583940506,-1.3298455476760864,0.5425069332122803,0.7042790055274963,0.9837605357170105,0.525337815284729,-0.06847761571407318,-0.0037268700543791056,-0.45208796858787537,0.027565907686948776,0.4375968873500824,0.07675261795520782,0.5118487477302551,-1.0522410869598389,-1.1580849885940552,1.4873908758163452,1.0627800226211548,-0.17919331789016724,-0.7494267225265503,1.3298884630203247,-2.4065067768096924,-1.301339030265808,-0.41410958766937256,1.1543538570404053,-2.3570189476013184,-0.07482464611530304,-1.5948946475982666,-1.0399574041366577
movielens10m.csv,0.17217455804347992,0.25291869044303894,0.4088466763496399,0.1936289221048355,-0.17287027835845947,0.8631579279899597,0.6212641000747681,-0.7779276967048645,-0.29955390095710754,0.7387208938598633,2.369337797164917,-0.24661323428153992,0.06733140349388123,1.6349972486495972,0.5503191947937012,0.1755223274230957,0.24223563075065613,-0.4712301194667816,-1.0191824436187744,-1.1825952529907227,-0.15871299803256989,-1.8100932836532593,2.047698497772217,-0.47237691283226013,0.42496347427368164,-0.7341845035552979,-1.060121774673462,1.5688444375991821,-0.5290900468826294,1.4797745943069458,-0.10618095844984055,0.07188506424427032,0.7183367609977722,0.06919748336076736,-0.6705036759376526,0.30246976017951965,0.5392352938652039,0.9407735466957092,-0.3293026387691498,1.3551691770553589,-0.9712604880332947,-0.4354649484157562,0.3926474452018738,0.06153026968240738,2.2460503578186035,-0.5228972434997559,1.7566916942596436,0.9464127421379089,-0.5884224772453308,-0.2641846239566803,-1.2623047828674316,-0.04699864238500595,-0.7092742323875427,-1.1722533702850342,0.33829399943351746,-0.45528727769851685,-0.1620967835187912,-1.3319172859191895,0.48569101095199585,0.321311891078949,0.167205810546875,0.39305543899536133,1.8084328174591064,1.6067101955413818,0.7892960906028748,1.6245834827423096,-0.20529383420944214,-0.5057386159896851,0.3466459810733795,0.030399955809116364,-0.39142563939094543,1.4314419031143188,-0.9227951765060425,-1.5693963766098022,-1.1590349674224854,0.20832356810569763,-0.41890203952789307,-0.24748949706554413,0.43663766980171204,2.1734769344329834,-0.19282814860343933,-0.9766538143157959,1.6644387245178223,-1.2854502201080322,0.6146758198738098,0.32324105501174927,-0.14002560079097748,0.1607723981142044,1.6627767086029053,0.18411415815353394,-0.2589901089668274,1.9864449501037598,-1.289236068725586,-1.5332800149917603,-1.5453016757965088,1.3813565969467163,-2.233078718185425,-0.924715518951416,-0.6353468298912048,-1.0888698101043701
amazon-instruments.csv,0.7284451723098755,-0.4767233729362488,0.24574916064739227,0.5695399045944214,-1.3658993244171143,0.13490672409534454,2.4607760906219482,-0.7885317802429199,-2.171400547027588,1.1853376626968384,0.7818470597267151,1.9528924226760864,-1.0092171430587769,0.03984767571091652,-0.0501570887863636,-0.7254566550254822,0.0817127525806427,-0.7267441153526306,-0.9251907467842102,-0.09444180130958557,0.003353268140926957,-0.4326637387275696,-0.17972923815250397,-1.735884189605713,0.8059762120246887,-1.1312823295593262,-1.090946912765503,1.0230563879013062,0.05653160437941551,1.621855616569519,-1.3465385437011719,0.328141450881958,1.202547311782837,-0.31480854749679565,-0.9771496057510376,-1.258915662765503,0.8784007430076599,-0.030861953273415565,0.12915194034576416,1.0082323551177979,-0.6236826777458191,-0.06831981986761093,0.017659712582826614,-0.5277312397956848,2.0927958488464355,-0.4263465702533722,0.34392181038856506,-0.5169662237167358,-0.45699751377105713,0.2675125002861023,-1.1116735935211182,-1.1156128644943237,0.13689811527729034,-1.5213004350662231,2.563042163848877,0.6560584902763367,-0.2473357915878296,-1.1388463973999023,0.7778896689414978,0.5247734189033508,0.22532835602760315,-0.31765198707580566,-1.094995379447937,0.9767143726348877,0.5828384160995483,0.4725535213947296,-0.20660313963890076,0.07440248876810074,0.03759704530239105,-1.9240119457244873,-0.5077555179595947,1.4867278337478638,-1.0194737911224365,-0.8824595212936401,0.23681791126728058,0.3117706775665283,1.6320656538009644,0.6074971556663513,0.5679954886436462,1.4689898490905762,0.5091497302055359,-0.96053147315979,2.0989389419555664,0.012743541970849037,0.08161967247724533,-0.890505313873291,-0.4065442681312561,0.04670471325516701,1.2587718963623047,0.43766072392463684,-0.08525392413139343,2.0893008708953857,-0.8223432898521423,-1.181196689605713,-0.5859616994857788,1.3595547676086426,-1.8882287740707397,-0.20927424728870392,-0.7814849019050598,-1.1173508167266846
amazon-garden.csv,-0.8155707120895386,1.4217338562011719,-0.9683130979537964,0.4886127710342407,-0.6196799278259277,0.06664428859949112,1.9880878925323486,-0.3162609338760376,-0.7750058770179749,0.4272657334804535,0.9559361338615417,1.6140536069869995,-0.932980477809906,1.9394593238830566,1.657489538192749,-1.4945728778839111,-0.12685523927211761,-0.019846104085445404,1.300658106803894,-1.8289515972137451,0.23226384818553925,-1.5435227155685425,0.6270769238471985,-0.16486585140228271,-0.5175904631614685,-1.0950740575790405,-0.6447798609733582,1.4217339754104614,-0.2822955548763275,0.37258657813072205,-0.0549689456820488,0.4505104422569275,1.8593573570251465,-1.2643861770629883,-1.6259044408798218,0.015849344432353973,-0.3474077880382538,-0.21847966313362122,0.42035168409347534,0.44864943623542786,-0.14421536028385162,0.22709795832633972,-0.11798873543739319,0.30933135747909546,2.796811819076538,0.16796910762786865,0.41633474826812744,-0.10036963224411011,0.5826869010925293,0.2216271013021469,-2.070424795150757,-0.2989277243614197,-0.08290071040391922,-1.3269884586334229,2.1954398155212402,0.5033953785896301,-0.1486695110797882,-1.1310622692108154,0.26733094453811646,1.0891364812850952,0.48173052072525024,-0.0419437438249588,0.3667297959327698,0.4897717535495758,-0.1391228437423706,0.6694273948669434,-0.08422506600618362,-0.4001433849334717,0.38318556547164917,-0.7903984785079956,0.7320599555969238,1.349224328994751,0.5036965012550354,-1.1469684839248657,-0.026966506615281105,-0.4787335693836212,0.22588211297988892,0.45092687010765076,-0.3483731150627136,2.6326558589935303,-0.2744905948638916,-0.8073051571846008,1.3861045837402344,-0.824419379234314,-0.3677069842815399,-0.5258488059043884,-0.3864462375640869,0.3496836721897125,1.027127742767334,-0.38279619812965393,-0.01247780304402113,1.5932283401489258,-1.5756348371505737,-1.8932690620422363,-0.35861822962760925,2.1169986724853516,-1.382153034210205,0.3078460395336151,-1.0024937391281128,-0.010105565190315247
tripadvisor.csv,-0.6511179804801941,1.1050541400909424,-0.6628700494766235,0.6972972750663757,-0.45064669847488403,0.7710353136062622,3.2129547595977783,-0.9328294992446899,-0.34436652064323425,0.8429323434829712,0.3473072648048401,0.7325590252876282,-0.8937090039253235,1.5597769021987915,1.083872675895691,-0.7991492748260498,-0.05810887739062309,0.5876990556716919,1.0235728025436401,-1.4728450775146484,-0.9705868363380432,-1.057744026184082,0.9890615344047546,-1.0778298377990723,-1.6305267810821533,-0.6104260683059692,-0.4914601743221283,0.7107202410697937,0.15355144441127777,0.42213061451911926,-1.0365082025527954,0.7923383712768555,1.0091328620910645,-1.1871627569198608,-0.9620265364646912,-1.1885687112808228,-0.04949335753917694,0.18119122087955475,0.6693582534790039,0.34749671816825867,-0.46417534351348877,-0.36448538303375244,0.2161911427974701,0.22238223254680634,3.2036776542663574,-0.34406089782714844,1.0630688667297363,0.25605061650276184,-0.26864930987358093,0.3215157389640808,-1.1024354696273804,0.2711378037929535,0.3398045599460602,-1.0599344968795776,1.3449292182922363,0.6137447357177734,1.0867053270339966,-0.11894095689058304,0.2644181251525879,1.425412893295288,1.1767067909240723,0.07841833680868149,-0.5113812685012817,-0.08225097507238388,-0.18909963965415955,1.1235535144805908,0.617076575756073,-0.5585645437240601,0.17821212112903595,0.20258739590644836,-0.4249972105026245,0.052565742284059525,-1.107053518295288,-1.016100287437439,-0.2735898494720459,0.1161825880408287,0.4322655498981476,0.7561660408973694,-1.0906955003738403,2.2518765926361084,0.7166927456855774,-0.013563434593379498,2.2165942192077637,-1.4305274486541748,-0.34563565254211426,-0.7229295969009399,-0.5506278872489929,0.542165994644165,0.4224419891834259,0.1435544639825821,-0.9306312799453735,1.6429920196533203,-1.273751974105835,-1.3688714504241943,-0.27978384494781494,2.315504312515259,-1.5179224014282227,-0.715540885925293,-1.449628233909607,0.5274921655654907
amazon-sports.csv,0.42994341254234314,1.239466905593872,-1.1805020570755005,0.6563356518745422,-2.1234073638916016,0.34365835785865784,2.4199533462524414,-1.2641650438308716,-2.0547938346862793,-0.07182801514863968,0.9272876381874084,1.9905462265014648,-0.2708050012588501,0.9311985969543457,1.3327524662017822,-1.6277703046798706,-0.25834766030311584,-0.21581144630908966,-0.29665178060531616,-0.5377793908119202,-0.07055095583200455,-1.3137630224227905,0.7896563410758972,-0.5902836322784424,-0.2521197497844696,-0.046604134142398834,-0.8547695875167847,0.6027698516845703,0.10520410537719727,0.9242443442344666,-1.2633075714111328,0.09076691418886185,-0.10420496016740799,-1.228693962097168,-1.3989100456237793,-0.21495071053504944,-0.20439495146274567,-0.42368555068969727,-0.05072120577096939,0.5829411745071411,-0.8724344968795776,-0.7955692410469055,0.8784863352775574,0.5304141640663147,1.0862932205200195,-0.6492506861686707,1.024979829788208,0.8607231974601746,1.4073450565338135,-0.11388292163610458,-0.6773959994316101,-0.5535849332809448,-0.16400380432605743,-1.8920199871063232,1.4311081171035767,-0.3771542012691498,-0.025727970525622368,-0.19499514997005463,0.6506385803222656,0.6180140376091003,1.1062167882919312,-0.5347265601158142,0.03145534172654152,0.6990321278572083,0.03106774389743805,0.7752649784088135,0.33420494198799133,0.49342483282089233,0.19992989301681519,-1.5097249746322632,0.2350674867630005,1.088449239730835,-0.4331192970275879,-2.0636212825775146,0.6478958129882812,0.3356335461139679,0.450870156288147,0.25674477219581604,-0.5331429243087769,0.7340520024299622,0.5486621856689453,-0.647122859954834,1.2851769924163818,-0.9457511305809021,-0.36631345748901367,-0.8423053622245789,-0.07243505120277405,-0.5803675055503845,2.079725742340088,0.2948509156703949,-0.33875274658203125,1.9723631143569946,-0.6262118816375732,-0.8100564479827881,-1.4098241329193115,2.136103391647339,-2.9705615043640137,1.072186827659607,-0.17463941872119904,-0.8654306530952454
amazon-baby.csv,0.5345699191093445,0.2054385095834732,-0.1844829022884369,1.3029234409332275,-1.3908989429473877,0.7325026988983154,1.9616138935089111,-0.7444149851799011,-0.9936990141868591,0.9021286368370056,1.3640382289886475,1.3085688352584839,-0.6644629240036011,1.4679547548294067,0.8432158827781677,-0.48941949009895325,-0.27864333987236023,0.9019111394882202,-0.4792965054512024,-2.156137466430664,0.7336056232452393,-1.494216799736023,-0.4661863446235657,-0.06992243975400925,0.002308604773133993,0.2483358085155487,-0.9970042109489441,0.9269819855690002,-0.024679023772478104,0.34793633222579956,-1.066046953201294,0.29137083888053894,1.5099332332611084,-2.236016273498535,-0.8708544969558716,-0.10527385771274567,-1.3237345218658447,-0.21947816014289856,0.5614049434661865,-0.15120923519134521,-0.5385910868644714,-0.008328309282660484,1.0069775581359863,-0.37257668375968933,2.2967681884765625,-0.5510606169700623,1.6131588220596313,-0.3097399175167084,-0.42380762100219727,-0.4964231848716736,1.0493706464767456,0.6644611358642578,-0.47789105772972107,-1.4015662670135498,2.1950504779815674,0.8356897830963135,-0.5390127301216125,-0.2740381062030792,-0.45692798495292664,0.42267969250679016,0.9629635810852051,0.7529239654541016,-0.5886619687080383,0.7455359101295471,-1.1801881790161133,0.6367704272270203,-0.3625800609588623,-0.3871605098247528,-0.10734474658966064,-1.544632077217102,-0.16844400763511658,1.1278566122055054,-0.7820817232131958,-1.705073356628418,-0.19065256416797638,-0.9672765731811523,0.20701506733894348,1.2255820035934448,-0.2561739683151245,1.2994810342788696,0.5379863977432251,-0.12525591254234314,0.7005255818367004,-0.5156856179237366,0.44369933009147644,-0.6475706696510315,-0.7814408540725708,-0.09748975187540054,1.0630723237991333,0.9270035624504089,-0.061087414622306824,1.3703162670135498,-1.4655852317810059,-0.9673982262611389,-0.9851123690605164,1.8974920511245728,-2.9016828536987305,0.3241869807243347,-1.2126805782318115,0.05368241295218468
amazon-beauty.csv,-0.1128477156162262,0.16129380464553833,-0.338504433631897,0.378961980342865,-1.2334860563278198,0.024549342691898346,1.9594792127609253,-1.3111553192138672,-1.2966207265853882,0.6693356037139893,0.3765268623828888,1.3002787828445435,-0.8132700324058533,1.1786890029907227,0.7710707783699036,-1.1261507272720337,0.21095268428325653,0.049081798642873764,0.4893183708190918,-1.5983072519302368,0.32036545872688293,-1.6586616039276123,-0.07877141982316971,-0.7179564237594604,0.11075850576162338,-1.0897914171218872,-0.5753244757652283,-0.2646687626838684,-0.6117410659790039,0.9158439040184021,-0.44571414589881897,0.7508034110069275,1.8098433017730713,-0.999894917011261,-0.9770116806030273,-1.0997523069381714,1.0770467519760132,0.2796541154384613,0.3202967643737793,0.16036811470985413,-0.513637363910675,-0.3482084274291992,0.3823733925819397,-1.0903630256652832,2.457418203353882,-0.4754137694835663,1.219243049621582,0.3453962504863739,1.1396406888961792,0.25595980882644653,-1.0310996770858765,-0.3934818208217621,-0.436323344707489,-1.5501354932785034,2.098555564880371,-1.0534613132476807,0.33663561940193176,-0.7722358703613281,1.313254714012146,0.546671986579895,0.2630195617675781,0.428758829832077,-0.5232398509979248,-0.5139533281326294,0.6770002841949463,1.2061161994934082,-0.24495919048786163,-0.4938429892063141,-1.3896902799606323,-0.9164934754371643,0.43847694993019104,1.6533929109573364,0.7345864176750183,-1.5967755317687988,0.22522565722465515,0.2445664405822754,0.10406111925840378,1.1284451484680176,-0.06061932072043419,2.294066905975342,-0.3050019145011902,-1.1639204025268555,0.36467891931533813,-0.5885780453681946,0.4827061593532562,-1.0080331563949585,-0.5506942868232727,0.2438642829656601,1.2590367794036865,-0.8596618175506592,-0.6920169591903687,1.2416800260543823,-0.8968722820281982,-0.8883858919143677,-0.7979475259780884,1.1236830949783325,-3.3164777755737305,1.4521950483322144,-1.0918211936950684,-0.052091244608163834
amazon-pet-supplies.csv,0.02830231934785843,0.08386355638504028,-1.0402635335922241,-0.2614482045173645,-0.7608383893966675,0.5763429999351501,2.1994078159332275,-1.2729989290237427,-2.0194807052612305,0.5393556952476501,2.088998317718506,0.9697822332382202,-0.31198850274086,0.6657940149307251,0.05784887447953224,-1.5114617347717285,0.977968692779541,-0.19714899361133575,-1.7729145288467407,-0.29480117559432983,0.5155383348464966,-0.9167391061782837,1.1942713260650635,-0.9782113432884216,0.06886706501245499,-0.3266676068305969,0.09696093201637268,0.277578204870224,-0.2006898671388626,-0.0015555154532194138,-0.09738006442785263,-0.6942896842956543,0.14500267803668976,-1.385288953781128,-1.694532871246338,-0.9325212836265564,0.0669945478439331,0.34314024448394775,0.7864210605621338,0.9455195069313049,0.3794674575328827,-0.47590845823287964,0.4678729772567749,-0.3002137243747711,2.5695064067840576,-0.8312566876411438,1.5359418392181396,1.2531507015228271,0.9224502444267273,-0.8797446489334106,-1.390642762184143,0.13868996500968933,0.6689842939376831,-0.9430172443389893,1.147284746170044,0.8010333776473999,-0.6555168032646179,-0.7494139075279236,0.27324938774108887,0.41404274106025696,1.119274616241455,-0.38156038522720337,0.30220839381217957,0.3997921049594879,-0.8600654602050781,1.0877506732940674,0.03586694970726967,-0.15559473633766174,-0.5537401437759399,-1.7528384923934937,0.7979123592376709,1.3399397134780884,-0.40922272205352783,-1.6518317461013794,0.08485998213291168,0.8544546365737915,-0.44446811079978943,-0.131635382771492,-0.888360321521759,0.9990888237953186,0.5396634340286255,0.291369765996933,0.7012395262718201,-1.5359578132629395,-1.3866218328475952,-0.9649194478988647,0.08554170280694962,-0.05807581543922424,1.4278987646102905,0.3405858874320984,-0.6662601828575134,1.4782482385635376,0.4951227009296417,-2.211019277572632,0.39101269841194153,2.7750158309936523,-1.5615947246551514,0.5506532192230225,-1.0724338293075562,0.631142258644104
