jester2.csv,-0.9949458837509155,-0.9211188554763794,1.3336201906204224,1.3764557838439941,-0.844917893409729,1.1914663314819336,-1.191557765007019,-1.4858347177505493,-0.08961188793182373,0.1518055498600006,0.13197997212409973,-0.03323683515191078,-0.10756297409534454,-0.9534668326377869,0.5500289797782898,-0.5993860960006714,-0.7946382761001587,-0.38789549469947815,-0.5701584815979004,-0.7397936582565308,-0.41599470376968384,0.18323451280593872,0.1768610179424286,1.7831662893295288,1.4627840518951416,-0.34540504217147827,1.2169708013534546,-0.19535167515277863,1.1527347564697266,-2.0575075149536133,-1.4527043104171753,-0.4396301209926605,0.40024325251579285,-0.8712940812110901,1.1471691131591797,-1.311693549156189,-0.47752368450164795,1.134456992149353,0.633955717086792,0.3856463134288788,2.200424909591675,1.9344913959503174,-0.5853461027145386,1.2311044931411743,-0.13638313114643097,1.4971051216125488,0.9518865942955017,0.802247166633606,-1.3481419086456299,0.1199241355061531,-0.799425482749939,1.527284860610962,0.5259654521942139,1.392258882522583,-1.4788302183151245,0.3663042485713959,-0.04319621995091438,-0.37624499201774597,0.12106865644454956,-0.06309576332569122,-0.501140296459198,2.516341209411621,0.021701473742723465,-2.317913055419922,-0.03171013668179512,-0.926834225654602,-0.7396752238273621,-0.3968881070613861,0.038861487060785294,-2.2447612285614014,0.7224774360656738,0.18430550396442413,0.37946805357933044,0.7992415428161621,1.6169207096099854,-2.1045982837677,0.8951354026794434,0.9233145713806152,0.9839982390403748,-1.0701419115066528,-1.0283865928649902,0.6336357593536377,0.7459642887115479,0.24948322772979736,0.1608845740556717,0.21003304421901703,0.6675455570220947,-0.3324885070323944,0.0200797226279974,0.18972182273864746,-0.45362821221351624,1.2751573324203491,-0.2565125823020935,0.532468855381012,-0.484933465719223,-0.41646450757980347,-2.0158512592315674,0.23841463029384613,-0.662291407585144,0.062426790595054626
amazon-digital-music.csv,0.6840927004814148,-0.3254810571670532,0.07378114014863968,0.6480717062950134,0.021362535655498505,0.9426864385604858,-0.6178382635116577,-0.36440175771713257,-1.964630365371704,-0.16492070257663727,2.6316096782684326,0.6449363827705383,0.2217935174703598,1.0256937742233276,0.5818184614181519,-0.1386699080467224,-1.3181073665618896,-0.33680781722068787,-0.11706952750682831,-0.5753234624862671,0.4639642834663391,-0.1882508397102356,-0.6653855443000793,0.5020807385444641,0.8913906216621399,-1.0365936756134033,-0.0960315614938736,-0.32844793796539307,1.612155795097351,-1.8210469484329224,0.8270596861839294,-1.803593397140503,-0.4469131529331207,-0.7600612640380859,1.3242119550704956,-0.8414819240570068,0.6263049840927124,-0.4848169982433319,0.10912422835826874,-0.9485781192779541,0.9718858003616333,0.6756584048271179,-0.15536223351955414,1.9268865585327148,-1.38362717628479,1.232703685760498,1.7118538618087769,0.12111451476812363,0.38115623593330383,0.6978866457939148,-1.82643723487854,0.41123196482658386,-0.21009410917758942,0.8280248045921326,-1.3824588060379028,-0.13511541485786438,0.999009370803833,-0.04852735996246338,0.7352384328842163,0.14829321205615997,-0.8006781339645386,1.0654511451721191,0.5600247383117676,-1.7537990808486938,-1.1465801000595093,-1.5410598516464233,0.7015177607536316,0.19283057749271393,0.3521949350833893,-2.156912326812744,1.3366944789886475,-0.289394736289978,0.5040099024772644,0.6301813125610352,0.7147529125213623,-0.781740128993988,0.18275819718837738,-0.4873565435409546,0.18712392449378967,-1.1712945699691772,-1.2798840999603271,1.166172742843628,1.657584547996521,0.8335403203964233,-2.3230886459350586,-1.67890465259552,-0.7330736517906189,1.93198823928833,0.190776064991951,-0.6357371211051941,0.3697580397129059,0.3636153042316437,0.0015948249492794275,0.08311033993959427,0.8441201448440552,1.2588518857955933,-1.4790022373199463,0.28091251850128174,-0.17703738808631897,1.2473680973052979
amazon-cd.csv,-0.11874524503946304,-0.5145461559295654,1.3629000186920166,-0.7388311624526978,-0.6111347675323486,0.6927126049995422,-1.1575747728347778,-0.8263685703277588,-0.8534891605377197,-1.8566043376922607,2.424905776977539,0.30772048234939575,0.6229998469352722,0.02580866776406765,1.0484890937805176,0.18929597735404968,-1.1663494110107422,-0.4302200675010681,1.3825420141220093,-0.8250491619110107,-0.1908680498600006,1.4743010997772217,-1.1159311532974243,2.1528708934783936,0.4478287994861603,-0.9359250664710999,0.87136310338974,-0.48538222908973694,0.3462318181991577,-0.7203863859176636,0.5995292067527771,-1.5225635766983032,0.3566907048225403,-0.18378648161888123,0.503106415271759,-1.0778406858444214,0.2597464323043823,0.27205169200897217,0.5569990277290344,0.6705724000930786,0.4088360369205475,1.1125296354293823,-0.606082558631897,1.286442756652832,-0.2272234708070755,1.7478175163269043,1.2009798288345337,1.0841972827911377,-0.30485934019088745,-0.544723629951477,-0.6443105936050415,0.5188776850700378,0.9083563685417175,1.8173986673355103,-1.3580982685089111,-0.7121895551681519,-1.0563937425613403,-0.17420069873332977,0.9385062456130981,-0.4376976191997528,-0.35844069719314575,1.3624261617660522,-0.1342007964849472,-0.006815865635871887,-1.5579180717468262,-2.1975228786468506,0.88566654920578,-1.1835156679153442,-0.6604083776473999,-2.1317739486694336,1.399322271347046,-1.5910166501998901,0.776702880859375,0.9249393939971924,0.5738882422447205,-0.705132007598877,1.7379361391067505,0.8990273475646973,0.8485526442527771,-1.1698731184005737,-1.239426612854004,-0.5531757473945618,0.7993442416191101,1.1435285806655884,-0.6648571491241455,-1.7641184329986572,0.9074088335037231,0.9647473096847534,0.17506438493728638,-0.8348396420478821,-1.0358412265777588,-0.24499092996120453,-0.0931299701333046,0.21256355941295624,1.3341023921966553,0.6162790656089783,0.20700229704380035,1.0980949401855469,0.41415536403656006,-0.2061932235956192
amazon-instant-video.csv,-0.13493715226650238,0.43858399987220764,0.9855996370315552,-0.04052300751209259,-1.129310131072998,0.2093830704689026,-2.3177244663238525,-0.398749977350235,-1.4190382957458496,-0.025809675455093384,1.9254487752914429,0.7563711404800415,-0.27795788645744324,0.3821178078651428,0.38266363739967346,1.0228829383850098,-0.8686667680740356,0.521630585193634,-0.4698265790939331,-0.3532719314098358,0.407194584608078,-0.8535881638526917,0.34268447756767273,0.09875550866127014,0.64596027135849,-0.2908133566379547,1.5326238870620728,-0.2203846275806427,1.8346264362335205,-2.3351423740386963,0.858848512172699,-1.5546159744262695,-0.9958673715591431,-0.7364485263824463,1.0417343378067017,-1.5295743942260742,-0.5185702443122864,-0.7876015305519104,1.1271672248840332,-1.1471165418624878,1.8272745609283447,-0.8619649410247803,-0.8611956238746643,0.30229562520980835,0.10564757138490677,1.5424638986587524,1.3603713512420654,-0.008916997350752354,0.07185675203800201,0.6627427339553833,-2.0509817600250244,0.5756614208221436,0.05113948509097099,1.1729353666305542,-0.9507337808609009,-0.10153961181640625,0.1780249923467636,-0.2555457055568695,0.5687815546989441,-1.1764479875564575,-0.3875869810581207,1.5991147756576538,0.5007806420326233,-1.0760542154312134,0.35591307282447815,-2.5924503803253174,0.8171309232711792,-0.7317227125167847,0.5513891577720642,-1.0759027004241943,1.7120128870010376,0.2807013988494873,-0.9136711359024048,0.2852399945259094,1.7488616704940796,-1.1424329280853271,0.9544376134872437,0.14547105133533478,0.9272942543029785,-1.0737605094909668,-0.988159716129303,-0.18842913210391998,0.07642628252506256,1.3848857879638672,-0.6593026518821716,-1.6735552549362183,0.607618510723114,1.0430705547332764,-0.4766559302806854,-0.18140621483325958,0.0017962412675842643,-0.23724094033241272,-1.8599847555160522,-0.06186225637793541,0.22463572025299072,0.5564343929290771,-1.4037553071975708,0.9698801636695862,-0.852030873298645,0.22812658548355103
amazon-phones.csv,-0.6033092737197876,-0.06993284076452255,1.754240870475769,-0.015132029540836811,-0.512702226638794,0.31280389428138733,-1.944539189338684,-0.20906615257263184,-0.8111535906791687,0.9348355531692505,1.8251349925994873,0.9894766807556152,-0.9147645831108093,1.0398653745651245,0.7843948006629944,0.9223400354385376,-0.5731669068336487,0.26089268922805786,0.011019990779459476,-1.172899603843689,0.6491372585296631,0.334028035402298,0.09502141922712326,0.7179030179977417,1.4529554843902588,-0.5217357873916626,1.685416579246521,0.38397884368896484,1.375539779663086,-2.089379072189331,0.01072392612695694,-1.8152971267700195,-0.5379873514175415,-0.3162233531475067,0.2005588412284851,-0.4139917492866516,-0.23126040399074554,-0.2121168076992035,0.4184952676296234,-0.6910330653190613,1.3258665800094604,0.31719958782196045,-0.7488487362861633,0.9595509171485901,-0.8887863159179688,1.402091383934021,1.0390911102294922,0.29279178380966187,0.12284981459379196,0.6832040548324585,-0.786916196346283,0.648176908493042,-0.5005820393562317,1.187989354133606,-1.2604824304580688,0.27379918098449707,-0.27458786964416504,-0.5739402770996094,1.0640807151794434,-0.41349950432777405,0.42738085985183716,1.5151598453521729,0.4518056809902191,-1.0699514150619507,1.130416750907898,-1.0013083219528198,0.877905011177063,-1.027308702468872,0.2576088011264801,-1.1585712432861328,2.277543544769287,0.2166597992181778,-0.5060794949531555,0.9876040816307068,2.40136456489563,-1.426093578338623,1.1366804838180542,-0.30951228737831116,1.1779731512069702,-1.0864359140396118,-1.3203445672988892,0.09750118851661682,0.2261936217546463,1.9220685958862305,-0.6268072724342346,-2.146536350250244,1.3566021919250488,0.5170196890830994,0.7299855947494507,1.421492099761963,-0.6380262970924377,0.9859433174133301,-1.072324275970459,1.1842776536941528,-0.1739940643310547,0.8151971697807312,-0.24649494886398315,0.5049342513084412,-0.3504764437675476,1.5588346719741821
yelp.csv,-0.8532638549804688,-0.7872452735900879,0.12898269295692444,0.48352089524269104,-0.8535792231559753,-0.05290668457746506,-1.2978436946868896,0.3460443615913391,-2.233269453048706,-0.34973371028900146,1.7505292892456055,-1.2559788227081299,-0.014085776172578335,0.07248502224683762,2.5156807899475098,0.7041822671890259,-2.6539158821105957,0.8928777575492859,0.06452658027410507,0.04009561240673065,0.7751576900482178,0.3164862096309662,0.43731993436813354,1.108142375946045,-0.2233022004365921,0.0958525612950325,1.9743391275405884,-0.937947154045105,0.9336617588996887,-1.3358819484710693,-0.8854579925537109,-1.332139253616333,0.004086453001946211,-0.2714390754699707,0.448974072933197,-1.1992428302764893,0.614508330821991,1.7434029579162598,1.1947993040084839,0.3423323631286621,1.0608994960784912,-0.3375717103481293,-0.46557462215423584,0.8979068994522095,-1.1791032552719116,0.7704916596412659,1.1473300457000732,0.6784992218017578,-1.3482906818389893,0.13685724139213562,-0.6629276275634766,0.8447160124778748,0.3828337788581848,1.8032748699188232,-0.203166663646698,-0.5433952808380127,-0.06319672614336014,-1.8017456531524658,0.6951965093612671,-0.6180306077003479,-0.5544964075088501,2.5301475524902344,0.4177424907684326,0.17413288354873657,1.6681559085845947,-2.1570792198181152,0.12834672629833221,-0.5402393341064453,0.028567004948854446,-0.9872103333473206,2.152256488800049,0.09161697328090668,1.0456405878067017,0.590106725692749,0.8969973921775818,-0.8675842881202698,0.2557622790336609,1.1157002449035645,0.9423449039459229,-0.6083507537841797,-0.6320932507514954,-0.695788562297821,0.4541773498058319,0.96712726354599,0.4496409296989441,-2.0621347427368164,1.069818139076233,0.450690358877182,-0.3746049404144287,-0.239716038107872,-0.3724953830242157,-0.041491005569696426,-0.14955924451351166,-0.5953513383865356,0.8854056596755981,-0.031090417876839638,0.29906606674194336,-0.17549556493759155,0.12427946925163269,0.6507441401481628
amazon-home.csv,0.07421380281448364,-0.08044926822185516,1.1935783624649048,0.04578257352113724,0.379995733499527,1.0933191776275635,-0.6370071768760681,-0.7413222193717957,-1.7117247581481934,1.2846126556396484,1.9376119375228882,-0.9200670123100281,0.617912232875824,0.4547107219696045,0.584545373916626,-0.3530149459838867,-1.368721604347229,-1.170493721961975,0.213699072599411,-2.009038209915161,-0.6959864497184753,0.15892577171325684,-1.4567943811416626,-0.3137184679508209,-0.023007608950138092,0.3951759338378906,1.6711757183074951,0.17614717781543732,0.8923740983009338,-0.7946180701255798,0.22091923654079437,-2.3594088554382324,-0.43670132756233215,-1.1212239265441895,0.14260272681713104,-0.06815493106842041,0.39514413475990295,0.9916709065437317,1.6474155187606812,-0.520574152469635,1.2199875116348267,0.3258889615535736,-1.4796613454818726,0.41871821880340576,-1.192100167274475,0.8096708059310913,0.7185639142990112,0.6122163534164429,-1.644330382347107,1.7033147811889648,-0.9774413704872131,0.37754344940185547,-0.402517706155777,1.2198536396026611,-1.696363091468811,-0.11587844043970108,0.9459982514381409,-1.2522993087768555,0.27892544865608215,0.28015944361686707,0.18344587087631226,1.1707767248153687,-0.27349817752838135,-0.17116548120975494,0.5784769058227539,-1.4097715616226196,-0.49408379197120667,-1.1577332019805908,0.506787896156311,-1.5515258312225342,1.535717487335205,-0.9391227960586548,2.1666293144226074,1.261351466178894,0.3571031987667084,-1.881097674369812,1.7201879024505615,0.3871830105781555,0.5958717465400696,-0.7045520544052124,-1.6581737995147705,-0.8647269606590271,0.4049570858478546,1.8795701265335083,-0.5998448133468628,-1.7572578191757202,-0.20458567142486572,0.8062567114830017,-0.08704807609319687,0.14052484929561615,-0.26873070001602173,0.23453666269779205,-0.08406089246273041,0.4009968936443329,0.8861806392669678,-0.6849380135536194,-0.6199475526809692,0.6176382303237915,0.016830816864967346,0.8090825080871582
flixter.csv,-0.7570223808288574,-0.3921026587486267,1.4685618877410889,-0.7071022987365723,-0.3877091705799103,-0.5343999862670898,-0.4404923915863037,-1.2746959924697876,-1.8272722959518433,-0.12326758354902267,0.7997092008590698,-0.5957121849060059,-0.9937593340873718,0.3220979571342468,1.285225749015808,0.08156648278236389,-1.8129626512527466,-0.7193114757537842,0.665037214756012,-1.330722689628601,0.7699169516563416,2.4105029106140137,-0.6772347688674927,1.516145944595337,2.198275566101074,-1.283607840538025,1.3563164472579956,0.9415950179100037,0.7397636771202087,-0.9282825589179993,0.6634960770606995,-0.2164992243051529,-1.072637677192688,-0.6085328459739685,0.007466977462172508,-0.844064474105835,0.021856551989912987,0.9126890301704407,1.3039789199829102,-0.9861976504325867,0.7749729156494141,-0.3281627297401428,-0.4876113831996918,1.395967721939087,-1.6081570386886597,1.252493977546692,0.5287711024284363,-0.286525696516037,0.025202374905347824,0.18802261352539062,-0.865401029586792,-0.26723527908325195,-0.04065324738621712,2.2651875019073486,-1.9560160636901855,-0.5015913248062134,0.01681295409798622,-0.0883164182305336,0.5401010513305664,0.614691436290741,-0.7995098233222961,1.0725936889648438,1.6154487133026123,-1.2927331924438477,0.979824960231781,-2.3198530673980713,0.5245413184165955,-0.4133496582508087,2.0702905654907227,-1.692925214767456,1.5365456342697144,0.018380722030997276,-0.7693847417831421,-0.5128714442253113,-0.1527075618505478,-1.068257451057434,0.5937597751617432,-0.2507293224334717,1.5613584518432617,-0.4154042601585388,-0.5083044767379761,-0.14923222362995148,0.48063531517982483,-0.4017272889614105,-0.1619020253419876,-0.6303281188011169,0.7596020698547363,1.0702297687530518,0.6036388874053955,0.0023251555394381285,0.591591477394104,1.5191468000411987,-0.30591148138046265,0.4260256588459015,1.2997074127197266,-0.20218855142593384,-0.5005970597267151,-0.6888204216957092,-1.0265408754348755,0.21333402395248413
movielens20m.csv,-0.051398713141679764,-0.4073903560638428,0.9128987193107605,0.21623973548412323,-0.5812133550643921,0.009909930638968945,0.4025416374206543,-0.1892942190170288,-0.7520935535430908,0.0077287801541388035,2.3746252059936523,-0.7273596525192261,-0.1222643330693245,0.3195922076702118,1.3796409368515015,-0.44563326239585876,-0.8053508400917053,0.19453246891498566,1.4859563112258911,-0.46537384390830994,-0.6351707577705383,-0.22292709350585938,1.032155990600586,0.734527051448822,1.6191306114196777,-0.4012323021888733,0.9679306149482727,-0.6250218749046326,0.7802841067314148,-0.3446119427680969,-0.33953291177749634,-1.4058482646942139,0.6649762392044067,-1.115532636642456,-0.13766127824783325,-1.3737273216247559,-0.43370795249938965,-0.4465213716030121,2.397961378097534,-0.07115203142166138,-0.10826988518238068,0.5034550428390503,0.45217761397361755,0.7814739942550659,1.4016258716583252,0.946326732635498,-0.21024473011493683,0.24320581555366516,0.14673537015914917,1.380770206451416,-0.45109519362449646,-0.4918980896472931,0.07973947376012802,1.0111395120620728,-1.5422346591949463,-0.7068142294883728,-0.8091537356376648,-0.8398246169090271,0.20777256786823273,0.30441728234291077,-0.041090887039899826,1.3372141122817993,0.5385499000549316,-1.301584005355835,0.7653934955596924,-1.9428353309631348,-0.14378362894058228,0.26390188932418823,-0.22372691333293915,-3.3405723571777344,1.9622703790664673,0.07009956985712051,-0.4514552056789398,0.6936456561088562,0.8118804097175598,-2.840343713760376,1.6495791673660278,-0.39753443002700806,0.7664067149162292,0.21964745223522186,-0.6034245491027832,1.7168552875518799,-0.05564213916659355,1.5728254318237305,-1.860496997833252,-0.8804008960723877,1.1397775411605835,0.44392648339271545,0.4460623562335968,0.874817967414856,0.3666835427284241,0.2374836504459381,1.9804106950759888,-0.45986807346343994,0.7676132917404175,-0.6060509085655212,-0.10737360268831253,0.3546755611896515,-0.046346355229616165,-1.2987703084945679
amazon-movies.csv,-1.7535617351531982,0.4485335946083069,1.749578595161438,1.284417748451233,-0.8586016297340393,1.8375880718231201,-1.424329400062561,0.20314063131809235,-0.6688759922981262,0.4966506361961365,1.792212724685669,0.1332530826330185,0.2201908379793167,0.7966473698616028,0.37412312626838684,1.2362004518508911,-0.45282411575317383,-0.8440527319908142,1.1824688911437988,-0.5172554850578308,-0.07050599157810211,0.23517747223377228,-1.1096895933151245,0.2939125597476959,1.0578558444976807,-0.44876426458358765,2.6436667442321777,-1.0130963325500488,0.4403842091560364,-1.0443869829177856,-0.46875038743019104,-0.4387882351875305,-0.5695162415504456,-1.4419046640396118,0.6740180850028992,-0.95762699842453,0.12171237915754318,1.412224292755127,0.910822868347168,-0.33765891194343567,0.19599583745002747,-0.10521092265844345,-1.0795519351959229,0.10533209145069122,-0.804146409034729,2.0579001903533936,0.8110467791557312,0.5658601522445679,0.46931636333465576,0.43478715419769287,-0.7491989731788635,0.13592800498008728,-0.26543471217155457,2.1260950565338135,-2.11326265335083,-0.5225020051002502,1.4364477396011353,-1.6168123483657837,0.39350295066833496,-1.2725098133087158,0.693932056427002,1.1064220666885376,0.6749000549316406,-1.6761119365692139,-0.06382718682289124,-1.2627242803573608,1.2593905925750732,-0.40363335609436035,-0.3668763041496277,-1.9260714054107666,1.9281495809555054,-1.4196804761886597,0.20230074226856232,0.926996648311615,0.7142916917800903,-0.42410942912101746,0.028081299737095833,0.7834567427635193,0.8230039477348328,-1.6101802587509155,0.05695640295743942,-0.42001715302467346,-0.46526142954826355,0.5712546110153198,0.13799424469470978,-0.7636032104492188,0.27283626794815063,0.6973044276237488,0.38558489084243774,0.35236796736717224,-0.5430304408073425,-0.17933553457260132,1.1638834476470947,-0.8485597968101501,1.3902676105499268,0.3143777847290039,-0.6029130220413208,0.3984891176223755,0.10404790192842484,1.8658064603805542
movielens100k.csv,-0.658379077911377,0.019151654094457626,0.6462091207504272,0.710783064365387,-0.17755702137947083,-0.19134266674518585,-1.260576605796814,-0.37801191210746765,-1.128973364830017,-0.5656285881996155,1.9515286684036255,-1.3630568981170654,0.16887299716472626,-0.34363439679145813,-0.30602163076400757,0.39837729930877686,-0.6888288855552673,0.6176410913467407,-0.7039605975151062,-0.6795989871025085,0.9415162205696106,1.464113473892212,-1.0046360492706299,2.091773509979248,-0.5272840261459351,-0.8098189830780029,1.268722653388977,-0.6646537780761719,0.8585205078125,-0.9411046504974365,-0.8431695699691772,-1.9518905878067017,-0.318682998418808,-0.7137382626533508,0.31814295053482056,0.004122321959584951,0.08619668334722519,-0.2364262342453003,1.292073369026184,-0.558935821056366,1.817165493965149,0.7483859062194824,-0.5196305513381958,1.3179659843444824,0.9099383354187012,1.4089573621749878,0.06549540162086487,-1.2466202974319458,0.41796875,0.8606019020080566,-0.25567299127578735,1.1074936389923096,0.34134820103645325,1.2102140188217163,-0.36956197023391724,-0.5793505907058716,-0.38530245423316956,-1.2940846681594849,-0.7561317086219788,0.743604838848114,-0.5869616270065308,2.065275192260742,1.6363112926483154,-0.7107381224632263,-0.4664022624492645,-1.4084093570709229,-0.570470929145813,-0.21130476891994476,-0.19080807268619537,-2.424619197845459,1.302111029624939,-1.1019871234893799,0.39563921093940735,-0.8862996101379395,2.5433764457702637,-0.3719809651374817,1.3707287311553955,0.30166932940483093,1.4443703889846802,-1.9096364974975586,-1.3036302328109741,0.20688585937023163,0.4225490391254425,-1.2996002435684204,-2.340610980987549,-0.06047281622886658,0.5048067569732666,0.4537945091724396,-0.530393660068512,0.4092855155467987,1.0382416248321533,0.10190238058567047,0.39968574047088623,-0.1500886231660843,1.2146873474121094,-0.014826255850493908,-0.6070733070373535,0.4783070385456085,0.13147905468940735,1.3478175401687622
tripadvisor.csv,-0.03518090769648552,0.24394787847995758,1.2695984840393066,-0.23975582420825958,-1.2751305103302002,1.303628921508789,-1.64047110080719,-1.0035775899887085,-1.7030664682388306,0.11717280745506287,1.4140243530273438,-0.4229649305343628,0.17373670637607574,1.0568010807037354,0.8284407258033752,0.532134473323822,-1.417528510093689,-1.175125002861023,1.121171474456787,-0.13101178407669067,0.49623551964759827,0.24215956032276154,0.7816100716590881,0.8094788193702698,-0.6819332838058472,-0.9177023768424988,1.6702051162719727,-0.07982087135314941,-0.007913900539278984,-1.7690173387527466,-0.6324169635772705,-1.3369206190109253,-0.6940991878509521,-0.31675273180007935,0.41922345757484436,-1.0150545835494995,0.13960306346416473,1.2296086549758911,0.8925400376319885,-1.1615352630615234,0.5882781744003296,-0.24031426012516022,-0.07870545983314514,0.9945809841156006,-0.8917303085327148,1.598236083984375,0.37302082777023315,-0.5911803245544434,0.2512282133102417,0.5029884576797485,-0.548854410648346,0.5541512370109558,0.4364270865917206,2.6786341667175293,-1.1267893314361572,0.01615191623568535,0.2735864520072937,0.8821037411689758,-0.3274155855178833,-1.071501612663269,0.24019356071949005,2.0234177112579346,0.6812363862991333,-0.7629815936088562,-0.05438605695962906,-1.00718355178833,1.2923158407211304,-0.19212903082370758,0.08401333540678024,-2.0658462047576904,1.4508886337280273,0.8623905181884766,0.943705677986145,0.9076098203659058,1.4511888027191162,-1.0323002338409424,1.8575767278671265,-0.6736984252929688,-0.091754250228405,-1.3601330518722534,-1.0301762819290161,-1.0770013332366943,1.2644963264465332,0.2631576955318451,-1.4636896848678589,-2.3184890747070312,-0.024840330705046654,1.3197910785675049,0.5725703239440918,0.6248167157173157,-0.90785151720047,0.2309313267469406,0.9134024977684021,0.3021145164966583,1.0754326581954956,0.3483278751373291,-1.0827698707580566,0.22447502613067627,0.6297355890274048,1.3219654560089111
movielens1m.csv,1.3097413778305054,-0.14711643755435944,0.7329123616218567,0.4474594295024872,-0.5133379101753235,-0.355987548828125,0.5656214356422424,-0.10685762763023376,0.07265791296958923,-0.6164075136184692,2.0681538581848145,-2.8400213718414307,-0.32526859641075134,0.14370998740196228,1.2364507913589478,0.479247123003006,-0.25615987181663513,0.2850514054298401,0.4136524200439453,-0.7017229199409485,0.14206457138061523,0.020666442811489105,-2.5211849212646484,0.7653762102127075,1.0950790643692017,0.43201151490211487,-0.4710083305835724,-0.4856138229370117,1.3574973344802856,-1.87065851688385,-0.952759325504303,-0.7902644872665405,-0.6546332240104675,-1.7106930017471313,0.7554579377174377,-1.4991581439971924,-0.5515326857566833,1.2743057012557983,1.239406704902649,-0.6854303479194641,1.8762812614440918,-0.08338963240385056,-1.6954373121261597,0.9055671095848083,-1.0828282833099365,-0.20700864493846893,0.6825905442237854,-0.5522251129150391,0.37450531125068665,-1.0278030633926392,0.24845819175243378,1.480112910270691,0.5478482842445374,1.063714623451233,-1.8154011964797974,-0.3084498345851898,-0.5940475463867188,0.8375731706619263,0.09738653153181076,0.3046870231628418,0.3013154864311218,0.9048448204994202,-0.46789154410362244,-1.2389692068099976,0.2258463203907013,-1.6550860404968262,1.1345804929733276,0.5987827777862549,0.06528043746948242,-1.6215757131576538,2.098991870880127,0.36128002405166626,-0.3554857671260834,0.6592134237289429,0.9918249249458313,-1.5463842153549194,0.9245315194129944,-1.1936147212982178,2.1427364349365234,-0.5931738615036011,-0.7416314482688904,0.07527830451726913,1.176200270652771,0.6724621057510376,-0.35732221603393555,-0.810067892074585,1.706881046295166,0.2627072334289551,0.41043898463249207,0.260193794965744,0.6016248464584351,-0.5536437630653381,-0.5899362564086914,0.7887585163116455,0.6494628190994263,0.4988657534122467,0.0556020513176918,-0.3771563470363617,1.2558846473693848,1.0497496128082275
amazon-games.csv,0.260212242603302,-0.7006164193153381,0.7768357396125793,0.5095256567001343,-1.0316236019134521,1.2950594425201416,-1.6150219440460205,0.37423083186149597,-1.3342190980911255,-1.0915673971176147,1.2894104719161987,-0.4780415892601013,-0.48072636127471924,0.30764123797416687,0.8516528606414795,1.1064372062683105,-0.05885157361626625,-0.04369767755270004,1.2364163398742676,-1.8339314460754395,0.8392534852027893,1.015778660774231,-0.2596127986907959,0.03180002048611641,1.443292498588562,-0.3628750145435333,1.7670934200286865,-0.8896422982215881,0.7502567172050476,-1.7649532556533813,-0.3312198221683502,-0.500903844833374,-1.170320987701416,-1.1726802587509155,-0.455767422914505,0.3766155540943146,-0.9867241978645325,1.4707245826721191,1.0882134437561035,0.2611300051212311,1.1873615980148315,1.5883311033248901,-0.3993106186389923,0.17963522672653198,-1.7977242469787598,0.4972374439239502,0.3953526020050049,1.0665825605392456,0.7266703248023987,-0.032882798463106155,-1.6100488901138306,0.2126784473657608,-0.35496482253074646,1.7691906690597534,0.4393157362937927,-1.304616928100586,0.607979953289032,0.04091286659240723,0.6893957853317261,0.041248563677072525,0.703395664691925,2.1203978061676025,1.2093470096588135,0.780951201915741,-0.2046835720539093,-2.0775961875915527,0.12579381465911865,0.37845712900161743,0.14360713958740234,-2.560685873031616,1.3967031240463257,1.4432640075683594,0.6242932081222534,1.0757724046707153,1.081000804901123,-0.8144279718399048,1.783493995666504,0.06224066764116287,0.831392765045166,-0.47815844416618347,-0.13017207384109497,-0.43805941939353943,1.4848195314407349,1.2873636484146118,-0.1932816058397293,-1.5352381467819214,0.6695810556411743,-0.18314114212989807,-0.9105169177055359,-0.8586552143096924,-0.26200273633003235,-0.1449248045682907,0.4295477569103241,-0.5401540398597717,1.1623599529266357,0.051823072135448456,-1.3295855522155762,1.2593284845352173,0.26459452509880066,0.04569634795188904
amazon-instruments.csv,-0.018590737134218216,-0.3509516716003418,0.6103994846343994,1.6059216260910034,-0.9027983546257019,0.6329638957977295,-0.9758458137512207,-0.06107037141919136,-1.469307541847229,0.4871871769428253,1.4721027612686157,0.3515413701534271,0.306954026222229,0.6501824259757996,0.6793174147605896,0.18047216534614563,-1.202309250831604,-2.0940823554992676,1.1373425722122192,0.006666733883321285,0.08056369423866272,1.1935170888900757,-1.6540788412094116,-0.4725007116794586,0.7590664625167847,-0.15913920104503632,1.0440900325775146,-0.5025261044502258,1.6245776414871216,-1.2447086572647095,0.5206778049468994,-0.2784879803657532,0.298848420381546,0.03286874666810036,0.18710888922214508,-0.5164849758148193,-0.055200185626745224,1.0988634824752808,1.7106411457061768,0.5880451202392578,0.6289340853691101,-0.12160632759332657,-1.1559269428253174,0.7451027035713196,-0.3374152183532715,1.8828372955322266,1.2137117385864258,0.35416918992996216,-1.478967547416687,0.1609295904636383,-2.2066218852996826,0.7875556349754333,0.5915821194648743,2.60597562789917,-0.529513418674469,-0.8947398066520691,0.9585881233215332,-0.06201504170894623,0.22704428434371948,-0.8642990589141846,-0.005265105981379747,1.4449360370635986,0.032209474593400955,-0.727676510810852,0.4780539572238922,-1.8898780345916748,0.3088657855987549,0.35592353343963623,0.7211170196533203,-2.1779274940490723,1.9237885475158691,-1.6354600191116333,0.5221694111824036,1.064241886138916,1.3124563694000244,-0.4076068103313446,0.33316367864608765,0.1642245650291443,0.07559631019830704,-0.6034067273139954,-1.3877300024032593,0.6829226613044739,1.3272597789764404,0.8622581958770752,-0.5588871836662292,-1.0754377841949463,-0.6164539456367493,2.1065430641174316,1.34931218624115,-0.11627347767353058,0.00865866243839264,-0.9177753925323486,0.22682833671569824,0.1741931289434433,0.7608763575553894,0.06664799153804779,-1.2945786714553833,0.022225838154554367,1.50517737865448,-0.6561709046363831
amazon-toys.csv,-0.5158789753913879,-0.48152801394462585,0.8509072661399841,-0.4861519932746887,-0.6545258164405823,1.4847594499588013,-0.6565661430358887,-0.33971691131591797,-0.9298909306526184,-0.11324349790811539,1.7579833269119263,-0.27413371205329895,0.4877326488494873,0.714484453201294,1.1351511478424072,1.4603075981140137,-1.5124928951263428,-0.14502869546413422,0.043816424906253815,-1.342167615890503,0.6526215672492981,1.5004733800888062,0.24015159904956818,0.49496787786483765,0.5050966143608093,0.3360423445701599,1.857804298400879,0.5633373260498047,0.737012505531311,-2.3477189540863037,-0.999188244342804,-1.4356229305267334,-0.2953104078769684,-1.0617696046829224,-0.016948893666267395,-0.29150497913360596,-0.3014677166938782,0.535160481929779,1.2740792036056519,-1.0689829587936401,0.7033717036247253,-0.20104999840259552,-0.15049289166927338,1.6452231407165527,-0.3529481291770935,0.41093119978904724,0.2898210883140564,0.2812434434890747,-0.5040634870529175,0.8532052040100098,-0.3566674292087555,0.9146319627761841,0.13717374205589294,1.7864288091659546,-1.0635805130004883,0.06388770043849945,-0.1052338108420372,-0.8495635986328125,-0.20262952148914337,-0.6909008026123047,-0.1101098507642746,2.044309377670288,0.6254044771194458,-0.4911668598651886,-0.26673927903175354,-2.0360934734344482,0.07441924512386322,-0.6636883616447449,0.4283982813358307,-1.8519179821014404,1.5487709045410156,0.9469369649887085,0.7802585363388062,-0.008089187555015087,1.3857568502426147,-0.4260522723197937,1.2847654819488525,-0.31118476390838623,1.3258578777313232,-0.2589185833930969,-2.090665578842163,0.5277711153030396,1.348690152168274,1.3200489282608032,-0.29388853907585144,-2.655486583709717,0.7008727192878723,0.2512194514274597,-0.3543943166732788,1.3873381614685059,-0.7745103240013123,0.11602634191513062,-0.6729204058647156,1.246678113937378,1.4155868291854858,0.6757274270057678,-0.6130759716033936,1.2145158052444458,-0.02268037013709545,1.8803584575653076
amazon-automotive.csv,-0.8035780787467957,-0.5183168649673462,0.5431917309761047,-0.21181640028953552,-0.7730236649513245,1.3606781959533691,-0.618556559085846,-0.3196106255054474,-1.5234800577163696,1.0359562635421753,1.8744451999664307,-0.9445618391036987,0.47148972749710083,0.6253564953804016,1.9909887313842773,0.7398324608802795,-0.6214207410812378,0.04980619624257088,0.8252955675125122,-0.5000386834144592,-0.08295585215091705,1.6439107656478882,-0.1272725909948349,1.4829237461090088,1.2031323909759521,-0.0577143058180809,1.4430670738220215,0.3918769061565399,1.4479823112487793,-2.206141233444214,-0.06109362840652466,-2.469639301300049,-0.6639381647109985,-0.6075661778450012,0.8983026146888733,-0.45473119616508484,0.7157270312309265,0.7428025007247925,-0.3061969578266144,-0.6571128964424133,0.3092740774154663,0.10392414778470993,-0.5087125301361084,0.9833465814590454,-1.4398033618927002,0.7049469947814941,0.6075379848480225,0.10568663477897644,-1.2305558919906616,1.6521422863006592,-0.6535782814025879,1.059302806854248,-0.4290185570716858,1.3741940259933472,-0.8734204769134521,-0.050643034279346466,0.7994343638420105,-0.7738699316978455,1.1524333953857422,-0.5625283122062683,-0.7183452844619751,1.4535082578659058,-0.18068844079971313,-0.156916081905365,0.2555060088634491,-1.4508451223373413,0.882311999797821,-1.333168864250183,0.4756028354167938,-1.1720335483551025,1.1892857551574707,0.24843691289424896,0.43958577513694763,0.4263858199119568,1.4096728563308716,-1.8709808588027954,1.0328577756881714,0.512692928314209,1.0226175785064697,-0.5396685600280762,-1.1637581586837769,0.5717862844467163,1.4455286264419556,0.8392228484153748,-0.4796948730945587,-2.949286937713623,-0.16047748923301697,1.1060268878936768,0.8750802278518677,1.1101140975952148,1.0503041744232178,-0.4542098641395569,-0.176851287484169,1.1853883266448975,-0.4313409924507141,-0.2243078351020813,-0.054767388850450516,0.5570704340934753,-0.11223939806222916,1.3053154945373535
bookcrossing.csv,-0.142477884888649,-0.18785038590431213,1.147574543952942,-0.8706678748130798,0.032441604882478714,1.2909798622131348,-0.45173829793930054,-0.7046099901199341,-2.0044283866882324,0.3958750069141388,0.8386567831039429,-0.132094606757164,-0.803459882736206,0.5191589593887329,-0.3628893494606018,0.23582243919372559,-0.8039481043815613,-0.16252273321151733,0.6398417949676514,-0.8652688264846802,0.42884713411331177,-0.2246295064687729,-1.1545546054840088,1.6313635110855103,1.2514015436172485,-0.14794187247753143,0.2585929334163666,-0.24539092183113098,1.0638458728790283,-1.5578309297561646,-0.521426260471344,-2.3841850757598877,-0.23289383947849274,-0.8153204917907715,0.7544018626213074,-0.61018306016922,-1.1324245929718018,1.351552128791809,1.7272745370864868,-0.8016018867492676,0.9266394376754761,-0.6032015085220337,0.6917966604232788,0.7199874520301819,0.3935752511024475,0.7112240195274353,0.8057621717453003,1.3455498218536377,0.37916022539138794,0.45510029792785645,-2.1075663566589355,0.1684166043996811,0.969817578792572,1.6722224950790405,-0.013625835068523884,0.29270386695861816,1.3984508514404297,-1.8018490076065063,-0.4923790693283081,-0.17498497664928436,-1.4248508214950562,2.1504433155059814,0.5011370182037354,-0.1182997077703476,0.047173868864774704,-1.4459861516952515,0.12160369753837585,-0.36860087513923645,-0.013191810809075832,-1.6638251543045044,0.7855244874954224,0.13176505267620087,-0.04622165858745575,-0.09366612881422043,2.116199493408203,-1.171184778213501,-1.0141634941101074,-0.5934802889823914,1.2884215116500854,-0.9250494241714478,-0.2968713045120239,-0.16167482733726501,0.8941097259521484,1.50493586063385,-0.6926319003105164,-2.34580397605896,1.5684071779251099,-0.4729806184768677,0.5535779595375061,-0.22182315587997437,-0.2539770305156708,-0.36944064497947693,1.0835106372833252,0.22880883514881134,1.966164231300354,1.2079354524612427,-0.009776071645319462,0.10951963812112808,0.5392365455627441,1.6674134731292725
amazon-tools.csv,-0.02737118862569332,-0.7614353895187378,0.7873508334159851,-0.8002274632453918,-0.6465381383895874,0.10233093798160553,-1.4210692644119263,0.780785858631134,-1.5104924440383911,0.7947967648506165,2.2703006267547607,-2.0566797256469727,-0.17863617837429047,0.7173680663108826,-0.05825524032115936,0.20998869836330414,-0.11153735220432281,0.6408664584159851,1.1004505157470703,-1.0047271251678467,-0.7921597957611084,0.6218643188476562,-1.0020588636398315,1.854128360748291,0.8416683673858643,-0.7990749478340149,1.6769758462905884,-0.4626900553703308,1.1552530527114868,-0.9386407732963562,-1.1578822135925293,-2.042206287384033,-1.0261008739471436,0.8501521944999695,0.3921268582344055,-0.4188624918460846,1.7443547248840332,-0.02601289004087448,2.1573216915130615,-0.04981992766261101,1.0609488487243652,0.75124192237854,-0.17228662967681885,1.4315329790115356,-0.27842390537261963,1.7918171882629395,0.8803195953369141,0.8589215874671936,0.5017291903495789,0.11410857737064362,-0.6976850628852844,0.9533656239509583,0.7069516777992249,1.9665933847427368,-0.46347254514694214,0.01217437069863081,-0.17869465053081512,-0.5871277451515198,1.675453782081604,-1.4256625175476074,-0.31837835907936096,1.5628201961517334,1.0324400663375854,-1.7693266868591309,-0.13049465417861938,-1.2828973531723022,1.0623774528503418,-1.3531471490859985,-0.7329141497612,-0.8945596814155579,0.04999522119760513,-0.05981514975428581,-0.21636368334293365,1.0374850034713745,0.48552367091178894,-1.0244195461273193,0.6262473464012146,0.1595454066991806,-0.2447035312652588,-0.5958238244056702,-0.1336630880832672,0.20609140396118164,1.300523281097412,0.4756631553173065,-0.20769301056861877,-0.924928605556488,-0.5607225298881531,-0.23904572427272797,1.1131024360656738,0.7444556355476379,0.8150168657302856,-0.38946259021759033,-0.9737003445625305,0.23268365859985352,1.1861177682876587,0.5827872157096863,-2.6619372367858887,0.30174243450164795,0.5733248591423035,0.34322792291641235
movielens_latest.csv,-0.15106406807899475,-0.17128829658031464,1.176137924194336,-0.44663333892822266,-0.19862954318523407,-0.8281918168067932,-0.7728794813156128,0.018079064786434174,-0.34398218989372253,-0.7742151618003845,1.1745012998580933,-0.8726385831832886,-0.641642153263092,0.7933105230331421,-0.24917633831501007,-0.42984989285469055,-1.2248859405517578,-0.15634700655937195,0.842800498008728,-0.8895592093467712,0.39780735969543457,0.2680220305919647,-0.24468059837818146,1.099523901939392,1.4616585969924927,1.1705175638198853,-0.16187241673469543,-0.5108157396316528,1.8291513919830322,-1.9909483194351196,0.2697123885154724,-1.5195530652999878,0.7777794599533081,-1.587208867073059,-0.2277667224407196,-0.935632050037384,-0.5551519989967346,1.4872299432754517,1.7280572652816772,0.2738417685031891,1.3273354768753052,0.36667829751968384,-0.6293080449104309,0.932722806930542,-1.1403398513793945,1.538641095161438,0.4724878668785095,0.3773217797279358,1.3145736455917358,1.1264866590499878,-1.0076018571853638,-0.13458794355392456,0.7442905306816101,0.45984169840812683,-0.9168122410774231,-1.1144847869873047,-1.5648951530456543,-0.8547642230987549,0.6267411708831787,-1.825888991355896,-0.31840723752975464,2.306267261505127,-1.3107647895812988,-1.1535775661468506,0.4100690484046936,-0.5833188891410828,-0.4139430820941925,0.2228286862373352,-0.037796471267938614,-2.4157161712646484,1.4318296909332275,0.7416969537734985,1.1435898542404175,0.8124569058418274,0.4057905972003937,-0.0031797639094293118,-0.19718441367149353,0.21729981899261475,0.7007980942726135,-3.0726304054260254,0.14755359292030334,-0.7710245251655579,1.6670234203338623,-0.24506734311580658,-1.5410118103027344,-0.9262725710868835,-0.1468496024608612,1.572679877281189,0.5897605419158936,1.068149447441101,0.9437172412872314,0.1342983841896057,-0.12036047130823135,-0.3881146013736725,1.0667245388031006,0.22096551954746246,-0.5580691695213318,0.4179679751396179,-1.0124651193618774,0.20462889969348907
movietweetings_recsys2014.csv,-0.11533321440219879,1.0089353322982788,0.20557253062725067,0.7439828515052795,-1.3336362838745117,0.29530057311058044,-0.8677207231521606,-0.7018555402755737,-0.28924837708473206,-0.6979811191558838,1.821321725845337,-0.6981140971183777,0.010634960606694221,0.04669584706425667,1.8947616815567017,0.24643203616142273,-1.3937731981277466,0.07335244864225388,1.505741000175476,-0.009310786612331867,-0.11923985183238983,0.11191830784082413,0.44662603735923767,0.0554756335914135,0.040778059512376785,-0.8821568489074707,0.2871650159358978,-0.322176992893219,0.8565590381622314,-1.5316948890686035,-0.7597482204437256,-2.2363274097442627,0.7467960119247437,-0.8125515580177307,0.5903427004814148,-0.6330899596214294,0.44717586040496826,0.24533814191818237,1.1659693717956543,-1.88407301902771,-0.3672035336494446,0.36590805649757385,-1.7988678216934204,1.3374762535095215,-0.26616954803466797,1.6690107583999634,0.5389731526374817,0.837421178817749,-0.38268864154815674,1.7872620820999146,-2.3176257610321045,-0.5258815884590149,0.33156171441078186,2.2876439094543457,0.28539055585861206,0.22975336015224457,-0.5941632390022278,-1.4046708345413208,0.11504507809877396,-0.5382111072540283,-0.2823331952095032,3.0322341918945312,0.36325135827064514,-0.5525731444358826,-0.818195641040802,-1.3098009824752808,1.6788387298583984,-1.4927566051483154,-0.07043041288852692,-0.9422603845596313,1.7212110757827759,-0.5952479243278503,0.9345952868461609,0.4814470708370209,0.35439783334732056,-0.14782235026359558,1.0697752237319946,0.5288264155387878,1.8183255195617676,-0.2260340005159378,-0.006815632339566946,-1.199320673942566,1.887803316116333,0.6012924313545227,-0.29724395275115967,-0.7233019471168518,0.20345130562782288,-0.48052307963371277,-0.238185852766037,0.5122148990631104,0.3270071744918823,0.4790501892566681,-0.5051426291465759,0.5659553408622742,1.117824673652649,-0.0916479229927063,-1.505327820777893,1.177298665046692,0.026205262169241905,0.1192108690738678
amazon-clothes.csv,-1.6691880226135254,-0.4985603988170624,0.9110565185546875,0.07364632934331894,-0.31934720277786255,0.8917875289916992,-0.6290000081062317,-1.1039446592330933,-1.473386287689209,0.49379491806030273,2.319087028503418,-0.19844630360603333,-0.46127015352249146,0.6550607681274414,1.1671062707901,1.0115365982055664,-0.4357236325740814,0.1719479262828827,0.7149354815483093,0.28552448749542236,-0.3021126091480255,1.6912546157836914,-0.32548341155052185,0.5422054529190063,-0.4939969778060913,0.6393402814865112,1.9726097583770752,-0.5652003288269043,1.8205684423446655,-1.9162708520889282,-0.28052255511283875,-1.6059377193450928,-0.6992003917694092,-0.6771109700202942,0.39796820282936096,-1.4560763835906982,0.017734207212924957,1.3165847063064575,0.6158549785614014,-0.9678319692611694,0.3851284980773926,-0.7343192100524902,0.04087761417031288,0.5658795237541199,-2.130258083343506,1.273375153541565,1.171302318572998,0.10165202617645264,-0.9873895645141602,1.018452763557434,-0.7929235696792603,1.074481725692749,-0.47820478677749634,1.4927239418029785,-1.3095651865005493,-0.856931746006012,0.9872840046882629,-1.343639850616455,1.9773834943771362,0.5056235790252686,0.5720126628875732,2.222616195678711,0.31876882910728455,-1.3960001468658447,0.5248659253120422,-1.2093428373336792,0.38524049520492554,-0.8530330061912537,-0.868918776512146,-1.6833062171936035,1.524215579032898,-0.08931923657655716,-0.0662805438041687,-0.4592507779598236,1.0210365056991577,-0.7276895046234131,0.41286519169807434,-0.13845489919185638,0.7499277591705322,-1.3770806789398193,-0.3097049593925476,0.21562834084033966,1.6423008441925049,0.5960562229156494,-0.4126792252063751,-2.159151315689087,0.8214133381843567,0.4999057650566101,0.6876785755157471,-0.20981556177139282,0.6629969477653503,0.5729181170463562,0.25680047273635864,0.11964774876832962,-0.20064860582351685,0.8002343773841858,-0.6071264147758484,0.45313015580177307,-0.1999794840812683,1.309479832649231
amazon-office.csv,-0.6582338809967041,0.8751512169837952,1.176064133644104,0.7358919978141785,-1.0495120286941528,0.23169545829296112,-0.5323061347007751,0.3326495587825775,-2.1958394050598145,0.468976229429245,1.5314091444015503,0.5265489816665649,1.0444114208221436,0.17532479763031006,-0.16263920068740845,0.05028802156448364,-1.0064032077789307,-0.5375083684921265,1.8668357133865356,0.47643712162971497,1.189935326576233,0.4364025294780731,0.16943173110485077,-0.4161056876182556,0.7840746641159058,-0.9494295120239258,2.0578200817108154,-1.2019249200820923,0.13392968475818634,-2.132246732711792,-0.387162983417511,-1.2094279527664185,-0.7414768934249878,-2.0908586978912354,0.10768786817789078,-0.642451286315918,-0.7256125211715698,0.18223297595977783,2.84761643409729,-0.4201090931892395,0.1330128163099289,-0.9586596488952637,-0.364347904920578,1.197394847869873,-0.02894054539501667,0.9365345239639282,0.8785556554794312,0.6125592589378357,-0.25091153383255005,0.37193360924720764,-0.8350228667259216,0.7444790601730347,-0.1506003737449646,2.3485686779022217,-0.4882732331752777,0.08800671994686127,0.983408510684967,-0.5173882246017456,-0.6620672941207886,0.06456977874040604,-0.25551357865333557,1.3362956047058105,-1.1033670902252197,-0.529806911945343,0.23236599564552307,-1.0335261821746826,-0.4968567490577698,-1.0195335149765015,-0.09839311242103577,-1.131852626800537,1.6349719762802124,-1.110898733139038,-0.2918197214603424,1.19096040725708,1.9486722946166992,-1.2045998573303223,-1.6384057998657227,0.9343321323394775,1.1194521188735962,-2.0657248497009277,-0.6196404695510864,1.4425036907196045,0.25224167108535767,-0.3523768484592438,-0.638570249080658,-1.1078526973724365,-0.5527642965316772,1.0522363185882568,0.06956174224615097,0.6110932230949402,-0.8871022462844849,0.7252618670463562,0.15741433203220367,-0.8514311909675598,1.374040126800537,-0.2462446093559265,-0.9990062117576599,0.25327932834625244,-0.7282416820526123,0.4649674892425537
amazon-kindle.csv,-0.6328524947166443,-0.2591935098171234,0.2577526271343231,0.9498423337936401,-0.3368355929851532,-0.6095016598701477,-0.8410729765892029,-0.18888238072395325,-1.0735448598861694,-1.2090342044830322,2.8333957195281982,-0.8234102725982666,0.6416882276535034,0.8397825360298157,1.8472315073013306,1.3306095600128174,-1.347037434577942,-0.15333858132362366,1.5121636390686035,-0.8578426241874695,0.20300495624542236,0.6573020219802856,-0.3238879144191742,0.4030892848968506,-0.2625848948955536,-1.3688565492630005,0.655617356300354,0.7135583758354187,0.5995190739631653,-1.4808191061019897,0.15572498738765717,-0.13628831505775452,0.40621620416641235,-0.6063874959945679,0.19009962677955627,-1.5133144855499268,-1.2381688356399536,0.4225311875343323,1.8919506072998047,-0.9270198345184326,0.8947154879570007,0.504268229007721,-0.981947124004364,1.1246337890625,-0.2164662927389145,2.3174281120300293,0.8673945069313049,0.5334487557411194,-0.0988428145647049,0.3072298765182495,-1.6565178632736206,1.2282882928848267,1.052107572555542,1.1660873889923096,-0.8885437846183777,-0.1792006492614746,0.7818225622177124,-1.4090890884399414,0.7130577564239502,-0.6566399335861206,-0.6262069940567017,1.5245728492736816,0.12148363888263702,-0.2223125696182251,0.3182549774646759,-1.2754827737808228,-0.014071416109800339,-0.37924808263778687,0.15495368838310242,-1.5310739278793335,0.8269874453544617,-0.8255593776702881,-0.5854236483573914,1.2530649900436401,1.9068303108215332,-0.2309732437133789,0.008520453236997128,-0.022458773106336594,1.6157304048538208,-1.3840140104293823,-0.8052161335945129,0.3358582556247711,0.6647958159446716,1.1056772470474243,0.14526891708374023,-2.209710121154785,1.2458425760269165,0.7577599883079529,0.7084014415740967,0.9213359355926514,-0.592909574508667,1.8470877408981323,-1.0454591512680054,0.3754971921443939,1.4419480562210083,0.19417938590049744,-0.864978551864624,-0.8563070297241211,-0.37282857298851013,0.8073223829269409
amazon-food.csv,-1.614554762840271,-0.3201712369918823,0.8372936844825745,-0.35636794567108154,-0.11348655819892883,0.35509005188941956,-1.6960701942443848,-0.6273639798164368,-1.0559357404708862,-0.7014889121055603,2.438209056854248,0.7517580389976501,0.4663948714733124,0.40813514590263367,1.099082589149475,0.5153481364250183,-1.1823099851608276,-0.05263181030750275,1.2292910814285278,-0.08254104852676392,0.539444088935852,1.589304804801941,-1.5207315683364868,1.4630382061004639,0.9256239533424377,-0.34609681367874146,1.3289287090301514,-0.46281811594963074,0.44189560413360596,-1.0088287591934204,-0.909526526927948,-2.1441898345947266,0.1066020131111145,-0.8620901107788086,-0.2858666479587555,-1.2845960855484009,0.7037114500999451,0.6917048096656799,1.9518544673919678,-0.5690842270851135,0.22392354905605316,-0.5688766241073608,0.4656985104084015,0.2694553732872009,0.385942280292511,1.8960336446762085,1.191099762916565,0.5558018088340759,0.3298947215080261,-0.10726350545883179,-0.5008188486099243,0.6274325251579285,-0.16260051727294922,2.180812358856201,-1.2142447233200073,-0.7827334403991699,0.4404657483100891,0.020162561908364296,1.4435116052627563,0.28973954916000366,-0.1653037667274475,1.0853129625320435,0.23127223551273346,0.022884035483002663,-1.1326284408569336,-1.2976096868515015,0.9832106232643127,-0.5878084897994995,-1.1381444931030273,-1.944045901298523,1.7914903163909912,0.3148050308227539,0.9426054358482361,0.6410796046257019,1.440881609916687,-1.01093327999115,1.6958705186843872,0.04555577412247658,0.7888725996017456,-1.836117148399353,-0.49944233894348145,-0.5802202224731445,1.3217084407806396,1.32551109790802,-0.8561788201332092,-1.814271092414856,1.1197071075439453,0.45932725071907043,0.1914832442998886,-0.7215961217880249,-1.062981367111206,1.0991888046264648,-0.4666871428489685,-0.02415117807686329,0.7343685626983643,0.5307268500328064,-0.051406361162662506,0.8630906343460083,-0.32183942198753357,0.12098942697048187
jester1.csv,-0.20998568832874298,0.39064928889274597,1.8124467134475708,0.8907776474952698,-0.1769825965166092,1.2681608200073242,-1.739322304725647,-0.5803980827331543,-0.05307586491107941,-0.5944359302520752,1.6724509000778198,-0.4898449778556824,1.1771425008773804,-0.5708839297294617,0.7847455739974976,0.8181291818618774,-0.6212429404258728,0.07834210991859436,-0.6221464276313782,-1.3976807594299316,-0.7823182940483093,0.7073482871055603,-0.1585903763771057,1.227288007736206,1.2719343900680542,0.042327333241701126,0.9822107553482056,0.12127980589866638,0.07134608179330826,-1.6332296133041382,-0.34796929359436035,-1.440352201461792,-0.47281602025032043,-1.1481214761734009,0.8398115634918213,-0.45992419123649597,-0.7540706396102905,0.08420415222644806,1.7527788877487183,0.7682265043258667,1.2317677736282349,0.5883939862251282,-0.37816372513771057,1.8160715103149414,-1.534978985786438,-0.2540450096130371,-0.5132830739021301,-0.11529579013586044,-0.10399362444877625,0.9039051532745361,-1.8624955415725708,0.6944211721420288,1.496103048324585,2.325996160507202,-0.5225740671157837,-0.29732048511505127,-0.4827703535556793,-1.0221141576766968,1.3020695447921753,-1.2774486541748047,-0.4305580258369446,0.5774285793304443,0.45057210326194763,-1.5772913694381714,0.27793729305267334,-0.36713579297065735,0.6056810021400452,1.203202724456787,-0.397919625043869,-2.7683515548706055,3.137273073196411,-1.257568597793579,-0.017511146143078804,0.4793667793273926,1.057222604751587,-0.6145023107528687,0.5214335918426514,1.0309487581253052,-0.4036467671394348,-0.5904831886291504,-1.3015468120574951,0.24590639770030975,0.7603892683982849,0.5564473867416382,-0.9651480913162231,-1.1146095991134644,1.2897765636444092,-0.039757709950208664,0.7996346354484558,0.14749732613563538,0.4680633842945099,0.9980356693267822,-0.4180891513824463,-0.19412553310394287,0.5978807806968689,0.43794742226600647,-0.6072596907615662,-0.38050326704978943,-1.3017016649246216,0.12381994724273682
amazon-health.csv,-0.7128728628158569,-0.13437743484973907,0.6035279631614685,-0.11482305824756622,0.31906574964523315,-0.4503699541091919,-0.7815074920654297,0.2844422161579132,-2.4401257038116455,-1.1493463516235352,1.6950722932815552,0.4650052785873413,-0.2777866721153259,0.6013157367706299,0.8328380584716797,1.9320820569992065,-1.1466739177703857,1.755678653717041,0.23446308076381683,-0.3034422695636749,0.8114697337150574,0.8194659948348999,-0.14686496555805206,0.45431238412857056,0.586044192314148,0.17344847321510315,1.9029693603515625,-0.6744098663330078,0.7074038982391357,-0.8078942894935608,-1.0435147285461426,-0.5670552253723145,-0.4924289882183075,-0.5453329682350159,-0.11678044497966766,-0.3831886351108551,0.3014715611934662,1.6552479267120361,1.4399620294570923,0.43718475103378296,0.47740161418914795,-0.13849669694900513,-0.6574457287788391,1.658322811126709,0.5277048349380493,1.1812702417373657,0.8985777497291565,1.5425541400909424,-1.5709242820739746,0.8165767788887024,-0.24652928113937378,1.7526379823684692,1.4793132543563843,1.76948082447052,-1.054539680480957,0.43975141644477844,0.0932498350739479,-0.05910537391901016,0.4407576024532318,-0.3681980073451996,-1.3147236108779907,0.7037914991378784,0.7225752472877502,-0.23413488268852234,-0.35339146852493286,-1.6331830024719238,-0.2938993275165558,-0.3099351227283478,-0.0656995177268982,-0.9610558152198792,1.9596418142318726,0.1345900297164917,0.8312478065490723,0.8882567882537842,1.1842695474624634,-1.0233832597732544,0.20918940007686615,-0.3938329219818115,0.9805997014045715,-0.4422779679298401,-1.243518590927124,-1.3018845319747925,1.0638090372085571,1.5327467918395996,-0.5518279075622559,-1.4611163139343262,0.923769474029541,-0.31301137804985046,0.12969477474689484,1.9739797115325928,-1.6600621938705444,1.4424610137939453,-1.3486443758010864,-0.2795386016368866,2.207911968231201,-0.13008210062980652,-0.04776671528816223,0.9150716662406921,-0.30698078870773315,0.040566541254520416
yahoo-movies.csv,-0.6274107694625854,-0.05619741231203079,0.10411126911640167,-0.2443363517522812,0.8979200720787048,0.3729209005832672,-1.092564582824707,-1.2481567859649658,-2.2466769218444824,0.3796970248222351,2.0383970737457275,-0.6886382102966309,0.39115145802497864,-0.7019330263137817,0.40508076548576355,0.48960644006729126,-1.3048919439315796,0.276021808385849,1.5513588190078735,-0.18731296062469482,-0.7348130345344543,0.1279761642217636,-0.7058541178703308,0.6724143624305725,2.3729662895202637,-1.063967227935791,2.070030927658081,-0.40241700410842896,0.4615441560745239,-1.7489502429962158,-0.6536210179328918,-0.5594457387924194,-0.21467244625091553,-0.032165978103876114,0.04948514327406883,0.5654298663139343,-1.9478944540023804,-0.44232305884361267,0.40180113911628723,0.09769953787326813,-0.11632023006677628,0.5058574080467224,-1.218352198600769,1.0435010194778442,-0.9526100158691406,0.9619324207305908,1.2435137033462524,0.5719625353813171,0.10216683149337769,0.6912856698036194,-2.3544578552246094,1.063029408454895,-0.14989128708839417,1.5081950426101685,-1.8290516138076782,-1.3544594049453735,-1.2544397115707397,0.8392631411552429,0.7072607278823853,-0.4268288016319275,1.1268043518066406,2.223092555999756,-0.24753370881080627,0.14444778859615326,1.0313518047332764,-0.4262259006500244,1.3847109079360962,0.7352940440177917,0.07911790907382965,-1.1297374963760376,-0.30453649163246155,-1.3602938652038574,0.05046050623059273,0.15733902156352997,0.9856635332107544,-0.2046208381652832,1.2275853157043457,0.12602640688419342,0.9435654282569885,-1.2267736196517944,-0.8893491625785828,0.2703544497489929,1.0196499824523926,0.436612606048584,-1.116459846496582,-1.647004246711731,1.9325785636901855,0.9822962284088135,-0.7952629923820496,1.4643754959106445,0.8420143127441406,-0.2836264371871948,0.6487093567848206,-0.22426311671733856,0.7353538274765015,-0.31327733397483826,-0.24481120705604553,-0.22565142810344696,-0.47813528776168823,1.1774526834487915
movietweetings_latest.csv,-0.12972930073738098,-0.8626163005828857,1.4780004024505615,0.28819337487220764,-0.7429322600364685,-0.13855667412281036,-1.2119057178497314,-0.2706204354763031,-1.73561429977417,-0.7218669652938843,1.2709351778030396,-1.124152421951294,0.613412082195282,0.1724654585123062,2.2859067916870117,0.6476859450340271,0.13898605108261108,0.005540300160646439,0.650996208190918,-1.720090389251709,1.1107382774353027,-0.41125771403312683,-0.23544219136238098,0.6607280373573303,1.455622673034668,-0.7142021059989929,1.3952953815460205,0.18296633660793304,1.1210038661956787,-2.4181628227233887,0.468467652797699,-2.2559690475463867,0.6154801249504089,-0.33875590562820435,0.18121342360973358,0.5036394596099854,0.0032270525116473436,-0.04485779628157616,0.5607031583786011,-1.0326354503631592,1.0932992696762085,-1.1386851072311401,-0.18857771158218384,1.1574467420578003,-0.7151604890823364,1.440596342086792,1.5842676162719727,-0.06991515308618546,0.28099849820137024,-0.016939612105488777,-1.58827805519104,0.09668926149606705,0.8533012866973877,2.343839168548584,-0.6770802140235901,1.2158658504486084,-1.093740701675415,-1.355141520500183,2.1319618225097656,-0.3677371144294739,1.0998672246932983,1.2390787601470947,0.32499411702156067,-1.1360670328140259,0.3359902501106262,-2.2355167865753174,-1.1817576885223389,-0.08789926767349243,-0.01541865710169077,-1.2781733274459839,0.2780104875564575,-0.6479053497314453,0.7077905535697937,0.5366287231445312,1.5870949029922485,-0.6417269110679626,-0.1698083132505417,-0.5989548563957214,-0.07626251131296158,-1.7543895244598389,-0.8212522268295288,-0.39323991537094116,0.217494398355484,-0.24909362196922302,-0.23842254281044006,-0.6949917078018188,0.7101007103919983,-0.36763718724250793,-0.2822633683681488,0.5694084763526917,-0.6957190036773682,1.7348008155822754,0.5547714233398438,-1.3302571773529053,0.1277247965335846,-0.036932189017534256,0.3742457628250122,-0.3303848206996918,1.3455679416656494,0.5601990818977356
jester3.csv,0.51408451795578,-1.1879106760025024,2.463005304336548,0.7790948152542114,-0.30718904733657837,0.30193984508514404,0.2553888261318207,-0.46094703674316406,-1.2546042203903198,0.947627604007721,2.7265329360961914,-0.6900747418403625,0.0046827588230371475,-0.7243998050689697,1.1030611991882324,0.5931061506271362,-1.423600435256958,0.4473855793476105,-0.937676191329956,0.47091102600097656,-0.03207319602370262,0.6988640427589417,-0.1920497566461563,2.1256465911865234,2.675696611404419,-0.532986044883728,-0.6727182269096375,-0.3665899634361267,0.00796416588127613,-1.6538499593734741,-0.2696582078933716,-0.6564909219741821,-0.7905287146568298,-0.5385275483131409,1.3769619464874268,-0.7567561864852905,0.2737991511821747,0.2512263059616089,1.179955244064331,-1.6822391748428345,0.09652140736579895,0.6489035487174988,-0.647085964679718,1.2714101076126099,0.10676965117454529,0.6491533517837524,-0.23440860211849213,0.9728000164031982,-1.360262393951416,-0.09227673709392548,-1.9885838031768799,0.5112555027008057,0.3545670509338379,1.1979382038116455,-0.3743892014026642,-1.201796293258667,0.03244614973664284,-0.05251159518957138,0.7420058846473694,-0.4856807291507721,-0.28925517201423645,1.5500813722610474,0.1836795061826706,-0.6963855028152466,0.5217503309249878,-1.2920403480529785,-0.9893611669540405,0.9342273473739624,-0.43152981996536255,-1.4636629819869995,1.8646920919418335,0.7229031920433044,-0.26247793436050415,1.012964129447937,0.5938839316368103,-0.4259824752807617,0.5810800790786743,2.4222910404205322,0.40325087308883667,-1.7582758665084839,-0.4815361201763153,0.5395007729530334,0.7008310556411743,-0.17548465728759766,-0.8413084745407104,-0.7305243015289307,1.1199150085449219,0.4271834194660187,0.5649570226669312,0.8749523162841797,-0.4363003671169281,1.598528504371643,0.5615005493164062,0.8394293189048767,0.8518149256706238,-0.13867279887199402,-0.7452032566070557,1.2676470279693604,1.0034414529800415,0.8452975749969482
amazon-garden.csv,0.5071175694465637,-0.679161012172699,1.576353907585144,0.05889245495200157,-0.5497837066650391,-0.2793170213699341,-1.5909465551376343,-0.1525830328464508,-1.6177897453308105,-0.0689975917339325,1.7935148477554321,0.20819438993930817,-0.6036418080329895,0.5969992876052856,0.7063459753990173,0.6652809977531433,-1.3270642757415771,0.2591441571712494,0.6798786520957947,-0.7073992490768433,0.059827618300914764,-0.7514300346374512,-0.15866710245609283,0.6729080677032471,-0.21411004662513733,-0.7266821265220642,1.3056910037994385,0.4154154062271118,-0.370928019285202,-1.839538812637329,0.45422494411468506,-1.4839131832122803,-0.7249760031700134,-0.9448383450508118,0.9635664820671082,-1.5304617881774902,-0.23628327250480652,-0.3402307331562042,0.7213780283927917,-0.6698772311210632,1.134843349456787,0.3188256025314331,-0.369684636592865,1.6096402406692505,-0.6859819889068604,1.98512601852417,1.719840407371521,-0.5317985415458679,0.1638585925102234,-0.761204719543457,-0.7770562171936035,-0.3255614936351776,0.23474396765232086,2.113595724105835,-1.9774525165557861,0.2649253010749817,-0.303573340177536,-1.1781905889511108,0.6207596063613892,-1.5500223636627197,-0.12120002508163452,1.1362489461898804,0.6582126021385193,-0.6401556134223938,-0.1477569341659546,-1.7126493453979492,0.5001019239425659,-0.21982429921627045,0.13316448032855988,-2.213355302810669,1.1326812505722046,-0.8133718967437744,-0.22485589981079102,0.6433818936347961,1.7568296194076538,-1.8269803524017334,0.22263741493225098,-0.18746772408485413,0.8134405016899109,-1.7438077926635742,-1.8748528957366943,-0.15984103083610535,0.5743956565856934,0.3474486470222473,-0.9907082319259644,-2.687023639678955,-0.005995137616991997,1.5102323293685913,-0.12085247039794922,-0.11831589043140411,-0.6098248362541199,0.169503852725029,-0.15663741528987885,0.1170988604426384,0.9912112951278687,0.10157401859760284,-0.22167454659938812,1.4204515218734741,-0.4165082573890686,1.1384563446044922
amazon-sports.csv,-0.9156379103660583,-0.37296804785728455,0.4774177074432373,-0.25493377447128296,-0.5704953074455261,0.7038290500640869,-0.3250007629394531,-0.3264400362968445,-1.6227258443832397,-0.12614214420318604,2.856482982635498,0.6912606954574585,0.7391312122344971,0.03984076902270317,1.8340526819229126,0.8090137839317322,-1.7589656114578247,-0.10757556557655334,0.7928376197814941,-1.1005616188049316,-0.3814309537410736,0.4856943190097809,-0.7490048408508301,0.024359427392482758,0.2719131112098694,-0.8523123860359192,0.8814817070960999,-1.0307941436767578,1.149072289466858,-1.4590014219284058,-1.0210996866226196,-1.0701285600662231,0.08036832511425018,-1.0225179195404053,0.8145844340324402,-1.8034255504608154,0.12903861701488495,1.721543788909912,1.422730565071106,-0.5411174297332764,-0.12613579630851746,0.058737389743328094,-0.30359259247779846,0.3393040597438812,-0.7583896517753601,1.077452540397644,1.3181231021881104,1.1644432544708252,-0.5460003018379211,-0.29677069187164307,-1.2211252450942993,1.4270650148391724,0.18880978226661682,1.5822885036468506,-0.9369577169418335,-0.7003270387649536,1.9219144582748413,-1.4178335666656494,1.1248208284378052,0.4209802746772766,-1.0158671140670776,2.302804946899414,0.9732973575592041,-1.6413350105285645,-0.35258230566978455,-1.4722760915756226,1.223633885383606,-0.9207531809806824,-0.8605648279190063,-0.8307240605354309,1.7199524641036987,-0.3333027958869934,0.6878032684326172,1.002022385597229,1.2737884521484375,-0.15398582816123962,0.2549004554748535,-0.42016521096229553,-0.011230694130063057,-0.7705057859420776,-1.1075201034545898,0.303968608379364,1.1085871458053589,1.3167375326156616,0.2861923277378082,-0.8921138048171997,1.401107668876648,0.3105298578739166,-0.2687928080558777,0.7271994352340698,-0.3706996738910675,1.349690318107605,-0.621595025062561,-0.2751062512397766,1.6599918603897095,0.39388924837112427,-0.18759173154830933,0.018366603180766106,-0.949404239654541,0.4782937467098236
movielens10m.csv,-0.1201239824295044,0.8954447507858276,0.7200866341590881,-0.08275653421878815,-0.925412654876709,0.10511087626218796,-0.7471063733100891,-0.2558003067970276,-1.0055947303771973,-0.6473537683486938,2.1670548915863037,-0.7739384770393372,-0.11053783446550369,0.8497315049171448,1.1374647617340088,-0.6073415279388428,-0.8470848202705383,-1.085081934928894,0.4184260368347168,-1.4208142757415771,0.8578660488128662,0.004655827302485704,-1.9538683891296387,1.743821620941162,1.258614182472229,-1.5547207593917847,1.7672882080078125,-0.4415260851383209,0.43582379817962646,-2.432718515396118,-0.9102342128753662,1.1060943603515625,0.24892839789390564,-0.8058682680130005,-0.7697679400444031,-1.6336978673934937,0.09572964906692505,-0.26586979627609253,1.08852219581604,0.28810790181159973,0.8106725811958313,-1.42896568775177,-1.0815520286560059,0.9391353130340576,-1.6208438873291016,0.8342041373252869,0.22451359033584595,0.5216965675354004,-0.926806628704071,1.1687805652618408,-1.4103046655654907,0.8771905899047852,0.5664103031158447,1.8018810749053955,-1.4546502828598022,1.0579663515090942,-0.6174231767654419,-0.6268454194068909,0.9191560745239258,-1.307155728340149,-0.7951634526252747,1.5465881824493408,0.5877158641815186,-2.004854202270508,-0.3078271448612213,-1.108791708946228,-0.44061991572380066,0.7645522356033325,-0.3404146730899811,-1.7697386741638184,0.9706071615219116,0.9470213055610657,-0.35850152373313904,0.25765472650527954,1.5002070665359497,0.5018824934959412,0.7188893556594849,0.3407498300075531,1.7958093881607056,-0.07183288782835007,-0.918724536895752,0.25258156657218933,0.669372022151947,0.7286970019340515,-1.4069713354110718,-0.006519978865981102,0.5584439039230347,0.19841228425502777,-0.26068758964538574,-0.22126954793930054,0.7205018997192383,-0.14700478315353394,0.17095623910427094,0.9939301013946533,0.641576886177063,0.32322004437446594,0.38223737478256226,2.0471560955047607,-0.3828203082084656,-0.14092782139778137
amazon-baby.csv,-1.1823970079421997,0.10592605173587799,0.2031422108411789,-0.0429232083261013,1.3021084070205688,-0.3591470718383789,-2.4852957725524902,0.38154494762420654,-1.034438133239746,-0.5136619210243225,2.9140264987945557,0.31941521167755127,0.067046619951725,0.2311101108789444,1.2494497299194336,0.7910223603248596,-1.6465709209442139,-1.1225032806396484,1.482627272605896,-0.7762645483016968,0.6002819538116455,1.0026870965957642,-1.089956283569336,1.609404444694519,1.0381004810333252,0.47489479184150696,1.7551398277282715,-0.03348741680383682,0.7319669127464294,-1.6784642934799194,-0.6441683769226074,-3.076479196548462,0.24838712811470032,-0.9968346357345581,1.0875381231307983,-1.1072156429290771,-0.24969732761383057,0.2844978868961334,0.6543811559677124,-0.503701388835907,1.0670887231826782,-0.1280384063720703,-0.5998227000236511,1.2400354146957397,-0.21953929960727692,0.9472978711128235,0.5447656512260437,-0.622765839099884,-0.004869643598794937,-0.07222854346036911,-1.1889890432357788,-0.09588523954153061,0.7520139813423157,1.6633079051971436,-0.6441454291343689,-0.09460320323705673,1.587459683418274,-0.36785948276519775,0.15833771228790283,-0.6586412191390991,1.1958975791931152,1.2723746299743652,1.088089108467102,-0.756773829460144,-0.1919901818037033,-0.9720064401626587,1.3012832403182983,-0.9370421767234802,0.370286762714386,-1.7067662477493286,0.3626800775527954,-0.28239762783050537,-0.5284712910652161,2.1203200817108154,0.6764749884605408,-1.3849684000015259,0.8939278721809387,-0.11821173876523972,0.25841817259788513,-1.4997708797454834,-0.06161792576313019,-0.6923801898956299,0.8359817266464233,1.044082522392273,-0.864708662033081,-1.5877310037612915,0.6592888832092285,0.5390332937240601,0.39751291275024414,0.14804896712303162,-0.36243194341659546,0.40083304047584534,0.39253225922584534,0.6424741744995117,0.9033269286155701,0.23721632361412048,-0.46810656785964966,0.20578041672706604,0.2890666127204895,1.0012913942337036
amazon-apps.csv,-0.6866603493690491,0.6632117033004761,1.5327883958816528,0.8633400201797485,0.18322992324829102,1.046359658241272,-1.642423391342163,0.5374523997306824,-1.8608871698379517,0.7883346080780029,1.6032239198684692,0.24371905624866486,-0.7928435802459717,1.3845247030258179,0.6315634250640869,0.2588252127170563,-0.7066911458969116,-0.1378081887960434,0.7010475993156433,-1.5416207313537598,0.7887935042381287,-0.07755333185195923,-0.4346305727958679,0.11410629004240036,0.2691795527935028,0.06691601872444153,0.1210951954126358,1.094419002532959,0.3928309679031372,-1.5695838928222656,0.5879377126693726,-2.199103832244873,0.09064239263534546,-0.8675236701965332,-0.022005897015333176,-0.704736590385437,0.8402254581451416,-0.5456663966178894,1.2901824712753296,-0.6787747740745544,0.6253536939620972,0.0742746964097023,-0.45678508281707764,1.2539173364639282,-0.8899782299995422,1.9137871265411377,0.9773762226104736,-0.09291841834783554,-1.347913146018982,-0.3576163351535797,-1.1311572790145874,0.38957297801971436,-0.322433203458786,2.2381808757781982,-1.549090027809143,-0.16190262138843536,1.131767749786377,-0.4342222213745117,1.4404228925704956,-0.5265038013458252,0.8270772099494934,2.430414915084839,-0.08035886287689209,0.13309632241725922,0.26806196570396423,-1.5770810842514038,0.653727114200592,-0.15405486524105072,0.2145320475101471,-1.2697489261627197,2.049081325531006,-0.18940144777297974,0.7637103796005249,0.9286555647850037,1.93100905418396,-1.4027127027511597,0.7179657816886902,-0.1980307400226593,1.3809841871261597,-0.947610080242157,-1.7807636260986328,0.5998040437698364,0.4494882822036743,1.4915002584457397,-0.8669446706771851,-1.4739934206008911,0.8820322155952454,0.9450846910476685,0.4156762361526489,0.9066529870033264,0.5546306371688843,0.5470348000526428,0.10174492001533508,0.37494373321533203,0.7385144233703613,0.18561097979545593,-0.5915431380271912,0.7674616575241089,-0.5500991344451904,1.4075309038162231
amazon-beauty.csv,-0.12307622283697128,-0.16449542343616486,1.4131877422332764,-0.6542591452598572,-0.4621571898460388,-0.01235724613070488,-0.6206684112548828,-0.19686056673526764,-1.7077054977416992,-1.8747977018356323,1.7897353172302246,0.6838690042495728,0.7293840050697327,1.1185585260391235,0.6490525603294373,0.9683743715286255,-1.2869632244110107,-0.2797032594680786,1.3135641813278198,-1.4668666124343872,0.8031715154647827,0.827002763748169,-0.5162872672080994,1.9441078901290894,0.23765401542186737,0.3805053234100342,0.9093285202980042,0.5911673903465271,0.5133033990859985,-0.4650424122810364,0.3817407786846161,-1.3930132389068604,-0.4587286710739136,-0.7494004964828491,0.11396058648824692,-0.8724122047424316,-0.3023912012577057,0.09546627104282379,0.7419054508209229,-0.33992722630500793,0.5197398066520691,0.6428259611129761,-0.71639084815979,1.5342421531677246,0.5234125256538391,1.4999797344207764,0.8928645253181458,0.6985353231430054,-0.5906664133071899,0.05168036371469498,-1.2287770509719849,1.2765944004058838,-0.4765513837337494,1.9362480640411377,-0.35051169991493225,-0.691367506980896,0.024158822372555733,-0.2351648509502411,0.9987916350364685,-1.2173423767089844,-0.28937390446662903,2.16740083694458,-0.37343546748161316,-0.28158825635910034,-0.9115309119224548,-1.4041956663131714,0.8440852165222168,-1.0696908235549927,0.18207186460494995,-1.4382950067520142,1.7487396001815796,-1.163236379623413,0.8934405446052551,0.7417760491371155,2.378614902496338,-1.5811434984207153,1.2397394180297852,0.41815170645713806,1.4924728870391846,-0.8043568134307861,-1.692623257637024,0.40306204557418823,0.12204436212778091,1.8191955089569092,0.3355173170566559,-1.5078315734863281,1.4212363958358765,0.6717438697814941,-0.07321233302354813,0.7832527160644531,-1.3386341333389282,-0.32354027032852173,-0.8318721652030945,1.2301244735717773,0.749323844909668,0.7153769731521606,-0.5173230171203613,0.7418436408042908,0.40214118361473083,0.44373372197151184
amazon-pet-supplies.csv,-0.7210081219673157,-0.5223409533500671,1.033751368522644,-0.6461501717567444,-0.09233429282903671,0.9874699115753174,-0.91838538646698,-0.8972998261451721,-1.0625009536743164,-1.1539945602416992,1.2145315408706665,-0.8826225996017456,1.3514158725738525,-0.5105724334716797,1.569648027420044,1.6913038492202759,-0.4780219793319702,0.5356615781784058,0.7606025338172913,-0.08412839472293854,-0.15226447582244873,2.2096288204193115,-0.4661242365837097,0.9566228985786438,0.7537033557891846,-1.0677001476287842,1.6345717906951904,-0.8667199015617371,1.0497463941574097,-2.481210470199585,-0.9644972681999207,-1.425666332244873,-0.13874958455562592,-1.4075592756271362,-0.43133944272994995,0.08550912141799927,0.11949233710765839,0.5897033214569092,2.5250604152679443,-0.014395595528185368,0.6752415895462036,-0.104196697473526,0.4442310035228729,0.36267712712287903,-0.49873045086860657,0.7381771802902222,0.196737140417099,0.6987821459770203,0.07990263402462006,1.6161819696426392,-0.08419354259967804,0.7019322514533997,1.3128156661987305,1.575046420097351,-0.9054547548294067,0.1481935828924179,0.5042295455932617,-0.5329377055168152,1.1030287742614746,-0.04736470431089401,0.27587199211120605,1.6043473482131958,-1.0170012712478638,-0.6281075477600098,-0.6583213210105896,-2.6112136840820312,0.22762393951416016,-0.6230167150497437,0.542029619216919,-2.093639612197876,0.5751637816429138,0.6864262223243713,0.16633065044879913,-0.1222681775689125,0.6914334297180176,-1.0603935718536377,0.5059016942977905,-0.07145645469427109,0.47582268714904785,-1.0676823854446411,-0.8082749247550964,0.3636176884174347,1.7762196063995361,1.3665008544921875,-1.0660475492477417,-1.819272518157959,-0.6375434994697571,0.4772835671901703,-1.1602866649627686,0.22735102474689484,-0.9360987544059753,0.4342776834964752,-0.29480472207069397,-0.20731298625469208,0.42686763405799866,1.119057536125183,-1.0312045812606812,0.6877800822257996,-0.8091310262680054,1.3685367107391357
yahoo-music.csv,0.7193061113357544,0.5320330858230591,1.3347913026809692,-1.4625096321105957,1.1006948947906494,-0.4052490293979645,-1.2423381805419922,-0.2275589257478714,-0.3348875343799591,-0.7458834052085876,2.015113115310669,-0.7723355889320374,-0.20126210153102875,-0.2911434471607208,1.5342918634414673,-0.8022175431251526,0.13653017580509186,0.17284102737903595,0.17315678298473358,-1.1055623292922974,-0.7715367674827576,0.3183149993419647,-1.291100263595581,0.7789850831031799,1.8128889799118042,-0.9460772275924683,1.5092051029205322,-1.2539527416229248,1.8384495973587036,-1.9353982210159302,-0.09425940364599228,-0.7243227958679199,-0.33866214752197266,0.38515233993530273,1.1291835308074951,-0.2624228000640869,0.043948814272880554,1.6252645254135132,0.6211256980895996,0.4078729748725891,0.9853448271751404,0.5613731741905212,-1.2424252033233643,0.37480032444000244,-1.0505902767181396,0.8796973824501038,-0.5753669738769531,0.8362169861793518,-1.090755581855774,-0.2524549961090088,-1.0528552532196045,-1.0145961046218872,-0.7278205156326294,0.6623237729072571,-0.8739989399909973,0.37110763788223267,0.43975040316581726,-0.8738270401954651,-0.06674033403396606,0.37363722920417786,-0.05313407629728317,1.7979034185409546,0.06826242804527283,-0.5767926573753357,0.049422893673181534,-1.4297734498977661,1.133063793182373,-0.22080856561660767,1.0597054958343506,-2.098590135574341,0.9070551991462708,0.5115203857421875,0.7835414409637451,0.3307054936885834,2.641125440597534,-0.5361365079879761,1.1831860542297363,1.1970458030700684,0.128663569688797,-1.337124228477478,-1.0303887128829956,1.6226590871810913,-0.5345790386199951,-0.47863247990608215,-0.7500791549682617,-1.814100742340088,0.8703114986419678,0.303852379322052,-0.013198500499129295,1.9059455394744873,-0.2654202878475189,1.1473275423049927,0.22200772166252136,-0.12538224458694458,2.113764524459839,0.603262722492218,-0.5941649675369263,0.22119976580142975,-1.0093961954116821,-0.6458715796470642
