amazon-toys.csv,-1.2512391805648804,0.655103862285614,0.6898422837257385,-0.38104721903800964,-0.4208122193813324,1.7893118858337402,1.4897050857543945,0.9678990244865417,0.5210863351821899,1.2312008142471313,-1.4704416990280151,-2.9629757404327393,-2.314134359359741,-0.184820756316185,-0.05758043751120567,-0.012482767924666405,0.9201799631118774,-0.15900908410549164,0.6239573955535889,-0.675224244594574,-0.3255050778388977,-1.8258167505264282,-1.170530080795288,0.7258619666099548,0.8178825974464417,-1.236535668373108,2.246044874191284,0.9738606810569763,-0.4597375988960266,1.2054396867752075,-0.008045474998652935,-0.1921379417181015,-0.9068101048469543,-0.045347489416599274,-0.2888880670070648,-0.2599247694015503,-0.9753081798553467,1.7560181617736816,-0.8948208689689636,1.1493563652038574,0.4139629304409027,1.023456335067749,-0.6737059950828552,-0.20683279633522034,-0.3041485846042633,-1.1943235397338867,-0.563864529132843,-0.7553949356079102,0.08566004782915115,0.12036723643541336,-1.2610385417938232,-0.9670854806900024,-1.1382747888565063,1.6223032474517822,-0.04977518320083618,0.6102253794670105,0.45584145188331604,-0.12989266216754913,-0.28284963965415955,-0.4462781846523285,-0.896762490272522,-0.5997810363769531,1.068387746810913,-0.5036661028862,0.7443062663078308,0.6071348190307617,1.2848485708236694,-0.5918681025505066,-0.9464678764343262,-0.337369441986084,-0.437457412481308,0.17416363954544067,1.6954329013824463,-2.7659194469451904,-3.672276496887207,-0.8678828477859497,-1.206765055656433,0.9992274045944214,-0.4694816768169403,-0.35119038820266724,1.40840482711792,1.4857512712478638,-0.8836376070976257,-1.7959479093551636,0.20217865705490112,-0.47083011269569397,0.8093482851982117,0.15299710631370544,-0.5672921538352966,-0.23561222851276398,1.2195507287979126,1.5525836944580078,-0.4971146881580353,-0.2090635746717453,0.8868327140808105,-1.5492769479751587,0.8266269564628601,-0.4935901165008545,1.358228325843811,0.764488697052002,1.1534925699234009,-0.9800428748130798,0.5847340822219849,0.04536482319235802,0.3885270655155182,-0.940676748752594,0.22062325477600098,0.8831914663314819,1.1522204875946045,-0.7909895777702332,-0.4746822714805603,-1.1736724376678467,0.794623851776123,0.19191789627075195,0.24169610440731049,-0.7441155314445496,0.09261821210384369,-0.2841106057167053,0.2399207353591919,-0.3875330984592438,-0.33489498496055603,-0.24165305495262146,-1.7040952444076538,0.874497652053833,0.38420093059539795,2.198024034500122,-0.3968666195869446,0.13209259510040283,0.5080245137214661,1.552992343902588,-0.2076636105775833,1.7597124576568604,0.28074678778648376,0.9112881422042847,0.34904834628105164,0.7900567650794983,1.499887466430664,0.6109439730644226,0.9346320033073425,-1.9510470628738403,1.498731017112732,-0.4103657901287079,0.32672539353370667,0.9306195974349976,0.9631111025810242,1.504677653312683,1.4070799350738525,-1.3038595914840698,0.04168606176972389,0.49669963121414185,-0.5678505301475525,0.34498217701911926,-1.219291090965271,-0.07617552578449249,0.09695206582546234,-0.3226619362831116,0.1877974420785904,1.0823472738265991,-1.009930968284607,-0.7438098192214966,0.6437619924545288,-0.5133941173553467,-0.2799394726753235,0.6844164729118347,-0.3933647572994232,1.8854126930236816,1.133758544921875,-1.7155779600143433,1.0049755573272705,1.087641954421997,1.8639030456542969,0.1725364476442337,0.5776157975196838,0.10179860889911652,2.7761192321777344,-0.39089545607566833,0.3405546247959137,0.3023509085178375,0.7588605880737305,1.262202501296997,0.4672619104385376,-0.10360728949308395,-0.70405113697052,0.31423985958099365,-0.09059801697731018,-1.6965492963790894,-0.09532951563596725,-0.7117350101470947,-0.16856463253498077,-0.10962767899036407,0.5651536583900452,0.98870849609375,-0.1820918470621109,-0.813228964805603,-1.1570420265197754,0.09425994753837585,0.7106280326843262,0.03179808333516121,0.17139199376106262,0.5833202600479126
amazon-tools.csv,-2.3895092010498047,0.15774387121200562,-0.335957795381546,-1.0726490020751953,0.880919873714447,0.10733193159103394,0.7293010354042053,0.48778507113456726,0.9274437427520752,1.212915301322937,-1.1718469858169556,-2.2641420364379883,-0.7093111872673035,-1.073307752609253,-1.576127052307129,0.02055412344634533,1.1868797540664673,-0.353533536195755,1.5239022970199585,-0.5983929634094238,0.8358473181724548,-0.9783685207366943,-1.3427711725234985,0.931990385055542,-0.30136552453041077,-0.9277846813201904,0.9598667621612549,-0.3837692141532898,-1.6949167251586914,0.9693813323974609,0.21789711713790894,0.31789520382881165,-0.2812022268772125,0.0418396033346653,-0.9729827046394348,-1.4485780000686646,0.2873871326446533,1.4947787523269653,-0.4188272953033447,0.975730299949646,0.6638185381889343,-0.0823630690574646,0.69072425365448,-0.15350793302059174,-1.4106676578521729,-0.31281471252441406,-0.8389166593551636,0.28943631052970886,-0.17882102727890015,-0.62381511926651,-0.136665478348732,-1.2976101636886597,-2.9075686931610107,2.251356363296509,-0.698239803314209,0.09135448187589645,-0.9571927785873413,-0.7530971169471741,-0.6390400528907776,-0.2620641887187958,-0.702906608581543,0.32474300265312195,0.7675895094871521,-2.125861883163452,-0.49652495980262756,1.3589389324188232,1.130547046661377,-1.3227883577346802,0.20167705416679382,0.5765759348869324,0.005969001911580563,0.45260196924209595,1.601813793182373,-1.8102315664291382,-2.1862988471984863,-0.19527797400951385,-0.7879087328910828,0.33545809984207153,0.2839720547199249,-0.07270775735378265,1.2128684520721436,1.3705507516860962,-1.3272984027862549,-0.1354331225156784,-0.3088701665401459,1.083865761756897,-0.10142470896244049,0.2391364723443985,-1.0029655694961548,-0.7177616953849792,-1.0333515405654907,0.18808318674564362,-0.976336658000946,0.4855278432369232,0.5488923192024231,0.30488547682762146,1.3002091646194458,0.18186615407466888,1.294152855873108,-0.5396782159805298,-0.06147163733839989,-0.16860128939151764,1.0603474378585815,0.09216740727424622,0.3844577372074127,-2.544506549835205,-0.6046919822692871,1.2870064973831177,0.003239717800170183,0.3340531885623932,-0.9145615696907043,-0.12292642891407013,0.6960217356681824,0.8797272443771362,0.47295594215393066,0.6400361657142639,0.04958110675215721,-0.6860591769218445,-1.362687587738037,0.0616757906973362,-1.6069661378860474,-0.7126427292823792,-1.4184170961380005,0.4511612057685852,1.5630210638046265,1.658497929573059,-0.31026580929756165,1.5138788223266602,1.0323363542556763,2.0674054622650146,-1.5162475109100342,0.9534189105033875,-0.11859208345413208,0.11476564407348633,-0.7177791595458984,1.2516940832138062,-0.707051157951355,1.7084200382232666,1.2732332944869995,0.41319435834884644,0.6506699919700623,-0.6929962038993835,0.29849880933761597,1.6695181131362915,-0.4794352352619171,0.34603673219680786,1.3479684591293335,0.25854185223579407,0.7906950116157532,-0.2792086899280548,-0.8605148196220398,1.2850056886672974,-0.8964915871620178,0.0015493464889004827,-0.23964941501617432,1.5485074520111084,0.3177553415298462,-0.4965161383152008,-0.38232022523880005,0.8838438391685486,0.7711390256881714,-0.8601608276367188,0.5204065442085266,-0.8671374917030334,1.1297829151153564,0.029873354360461235,1.0820486545562744,-2.1306002140045166,0.7791921496391296,1.4705233573913574,1.1051609516143799,0.742988646030426,0.8041336536407471,-0.32106342911720276,1.4705259799957275,-0.9817410707473755,0.7006903290748596,0.6884718537330627,-0.6083149909973145,-1.295372486114502,0.8218375444412231,-1.108131766319275,-2.2844667434692383,0.2169809341430664,1.2676186561584473,-0.5714423656463623,0.937602698802948,1.1694684028625488,-1.1899676322937012,1.4763849973678589,0.17479977011680603,-0.03813331946730614,0.5967502593994141,-1.164832353591919,-0.13208739459514618,-0.8617630004882812,-0.40029457211494446,1.2608617544174194,-0.6751798391342163,0.6125754117965698
bookcrossing.csv,-0.8968464732170105,1.559173583984375,-0.5422738790512085,0.6670846939086914,-0.4833213984966278,0.28321078419685364,1.203051209449768,0.3826220631599426,0.5774411559104919,1.7420966625213623,-2.0384068489074707,-2.1305065155029297,-1.599709153175354,0.2669127881526947,-0.7228489518165588,0.07428132742643356,-0.9798535704612732,0.14886021614074707,-0.15720310807228088,0.21765264868736267,1.139783501625061,-0.9069810509681702,0.14123530685901642,0.13948014378547668,0.23889829218387604,-0.36545974016189575,1.620408058166504,-0.4826001524925232,-1.3494172096252441,1.284876823425293,-0.49416208267211914,-0.2660641670227051,-0.9498835206031799,1.3906500339508057,-1.0749685764312744,-0.6630979180335999,-0.7947013974189758,2.1402463912963867,-0.7909049987792969,0.5322597026824951,-0.02880975976586342,0.363456130027771,1.7323548793792725,-0.2373882234096527,-0.24240416288375854,0.0008264911011792719,-0.8024858236312866,1.313792109489441,-0.8291873335838318,-0.25418728590011597,-1.1005005836486816,-0.9441536068916321,-2.1673333644866943,1.3467410802841187,-0.4544779360294342,-0.007287599612027407,-0.24320188164710999,0.18062390387058258,-0.928191602230072,-0.8142066597938538,-0.5531783103942871,0.08336658030748367,0.6445956230163574,-1.3772170543670654,0.7866393327713013,0.736762285232544,2.3333938121795654,-1.0897084474563599,0.3024124801158905,-0.2636301517486572,0.14552085101604462,0.013073393143713474,1.5140870809555054,-2.345893621444702,-2.838533878326416,-0.2645604908466339,-1.6301456689834595,0.9162418842315674,-0.32371997833251953,0.7630006670951843,1.2554152011871338,1.5533573627471924,-2.760587692260742,-0.6278561353683472,0.05950644984841347,1.3202654123306274,2.0190305709838867,-1.4220008850097656,-0.31860223412513733,-1.2934231758117676,-0.23082783818244934,0.9184163212776184,-0.6879949569702148,0.5057694315910339,0.5850239992141724,-0.40059149265289307,1.4948114156723022,-0.9443204402923584,1.1699280738830566,1.0501495599746704,-0.22753511369228363,-1.1128058433532715,0.6375771760940552,0.08074651658535004,-0.3469395637512207,-1.2123115062713623,-1.0132101774215698,1.324373722076416,0.23598997294902802,0.16077210009098053,-1.4347784519195557,-0.7502744793891907,-0.43876996636390686,1.41233491897583,0.3257818818092346,0.4844340980052948,-0.12146853655576706,-1.2309478521347046,-0.10844013839960098,0.3641611337661743,0.9968560338020325,-0.9412209391593933,-1.5824707746505737,0.7296524047851562,0.3903677761554718,1.8890116214752197,1.260718822479248,1.8092684745788574,1.2121431827545166,1.9299805164337158,-1.429444432258606,2.389045476913452,0.066393181681633,-0.4460108280181885,-0.029217330738902092,0.638329029083252,0.3477833569049835,0.8937172293663025,1.4035301208496094,-1.1406309604644775,0.5011216402053833,0.06368562579154968,0.15118613839149475,1.2852483987808228,-0.10363053530454636,0.4088728427886963,1.2737568616867065,-0.3931105434894562,0.3606940507888794,-0.00450919708237052,-0.23039288818836212,0.6126328110694885,-1.2399955987930298,-0.7644346952438354,-0.3422772288322449,0.8131614923477173,-0.060800593346357346,0.305242657661438,-0.13924114406108856,-0.6448241472244263,0.9404169917106628,0.13653665781021118,-0.030994746834039688,-0.31949901580810547,0.4903737008571625,0.4398069381713867,1.3488609790802002,-1.3974677324295044,0.340397447347641,0.830997884273529,0.153748020529747,0.033810894936323166,1.8089369535446167,0.02141023799777031,0.139908567070961,-1.4000524282455444,1.084098219871521,1.1503286361694336,-0.21635502576828003,0.08821215480566025,0.3808116018772125,0.0017756351735442877,-2.4506044387817383,-0.3619181513786316,0.548599898815155,-1.9325529336929321,0.34133321046829224,-1.0234074592590332,-0.5873974561691284,0.7541646957397461,-0.27612051367759705,-0.1903456151485443,0.32429832220077515,-0.7488515973091125,-0.0549669973552227,-1.0625481605529785,0.38941654562950134,0.4227062165737152,-0.799181342124939,0.4493432939052582
movielens_latest.csv,-0.11583689600229263,-0.5906407833099365,-0.38432905077934265,-1.1754628419876099,-0.361932635307312,0.7485295534133911,0.38564538955688477,-1.9909991025924683,0.3188037574291229,0.8208429217338562,-1.4266599416732788,-2.6256558895111084,-0.7594083547592163,0.7379898428916931,0.8951526284217834,1.6152827739715576,0.9857820272445679,-1.4797788858413696,-0.5612053275108337,-1.148423194885254,1.0372217893600464,-0.2967115640640259,-0.4200661778450012,0.7897286415100098,0.33406421542167664,-1.9061145782470703,2.3148794174194336,-0.3528861701488495,-0.8494376540184021,0.28918564319610596,-0.5791796445846558,-0.5402572154998779,-1.654054045677185,-0.38017958402633667,0.45210790634155273,1.175836443901062,-0.09112057089805603,1.4560295343399048,-1.797753095626831,1.1724579334259033,1.395190954208374,-1.4142855405807495,1.7497446537017822,0.5214568972587585,0.6285254955291748,-1.6375263929367065,-0.7039451599121094,1.5217139720916748,-0.2486388385295868,-0.05055486410856247,-1.7459990978240967,-1.4608722925186157,-1.1264692544937134,1.8093467950820923,0.21260155737400055,-1.1843189001083374,0.4727713465690613,0.5610617399215698,-0.9135768413543701,-1.0143487453460693,-1.597852349281311,0.3346528112888336,1.3019225597381592,-1.0903977155685425,-1.3461440801620483,1.2440910339355469,1.1032930612564087,-1.326566219329834,0.9217329621315002,-1.152262806892395,0.03140517324209213,-0.30108708143234253,1.9987282752990723,-1.49849271774292,-2.2762560844421387,-1.0459550619125366,-1.2180811166763306,0.5616654753684998,0.15650953352451324,-0.8900150060653687,1.5026541948318481,1.0313721895217896,-0.5457891225814819,-1.1410841941833496,1.8388904333114624,0.6679416298866272,1.2251261472702026,-0.036108508706092834,0.34289246797561646,-0.11112963408231735,-0.8405507206916809,1.5804128646850586,-1.102396845817566,-0.015307150781154633,1.8009663820266724,0.5334754586219788,0.7891128659248352,-0.3379276394844055,0.8827552199363708,0.5040363073348999,-1.2990844249725342,0.020996233448386192,0.7916901111602783,-0.2108181267976761,-0.131976917386055,-0.7348211407661438,-1.607820987701416,0.43464395403862,0.20218217372894287,0.31056854128837585,0.04163641855120659,-1.5546311140060425,0.6320949196815491,0.6042534112930298,-0.08443379402160645,0.15025821328163147,0.6226661801338196,-1.0414397716522217,-0.036088474094867706,-0.15493078529834747,-0.11818404495716095,-0.5265333652496338,-1.45798921585083,0.6185450553894043,-0.7180430889129639,1.322248935699463,-0.3243592381477356,1.613836407661438,0.19912895560264587,2.143386125564575,-0.7166166305541992,1.0972185134887695,0.09248162806034088,0.13230173289775848,-0.38142895698547363,1.0580404996871948,2.0328316688537598,0.8202815055847168,0.5910395979881287,-0.711223840713501,0.6590072512626648,0.83493572473526,0.6632240414619446,1.0229103565216064,0.4628237187862396,1.4923014640808105,1.08608078956604,0.49079760909080505,-0.5865670442581177,0.05202139914035797,-1.8219143152236938,0.5961235761642456,0.7505185008049011,0.8880022764205933,-0.8558722734451294,1.222347378730774,0.663271963596344,0.6200154423713684,1.5857080221176147,-0.16638553142547607,0.6105420589447021,-0.3448874354362488,0.588210940361023,0.11125575006008148,0.22342686355113983,0.04550861939787865,1.3561978340148926,-0.36011552810668945,1.2669206857681274,1.0529637336730957,0.8285159468650818,-0.6115278005599976,0.6950091123580933,-0.5490821003913879,0.8921448588371277,-0.6510805487632751,-0.9092594385147095,-0.7337515354156494,-0.7400854825973511,-0.3848850429058075,0.4708509147167206,-1.736415982246399,-1.281076431274414,-0.18932439386844635,0.25667208433151245,-0.5415166616439819,0.6223824620246887,-0.16017229855060577,1.395272135734558,1.5313032865524292,-0.3172762095928192,0.330096572637558,-0.535432755947113,-0.6192337274551392,-0.06264129281044006,-0.23141558468341827,-0.3876301348209381,1.3737448453903198,-0.9199132919311523,0.8263088464736938
amazon-office.csv,-1.3474527597427368,1.7192062139511108,-0.34223902225494385,0.20861804485321045,-0.7532971501350403,0.5797654390335083,1.2343213558197021,0.5222962498664856,-0.35719403624534607,1.9495412111282349,-1.5445581674575806,-2.3398125171661377,-1.1374942064285278,0.04998393729329109,-1.258309006690979,0.7902379631996155,-0.0667872279882431,0.02916601113975048,0.35177311301231384,-0.5720597505569458,1.4248995780944824,-0.4604998528957367,-0.7056469917297363,1.667569875717163,0.6635308265686035,-0.7883558869361877,2.056044101715088,0.30135998129844666,-1.0347793102264404,0.20629839599132538,-0.43071070313453674,-0.13064461946487427,-1.523823857307434,1.1514158248901367,-1.3992094993591309,-0.18463057279586792,-0.21122486889362335,1.8006139993667603,-1.3766783475875854,1.25399649143219,0.34891340136528015,0.19763676822185516,0.6529712677001953,-0.34097373485565186,-0.2570713758468628,-0.29072853922843933,-0.5667087435722351,0.6432178020477295,-0.18975374102592468,-1.1723849773406982,-1.6018555164337158,-1.1361013650894165,-1.6715521812438965,0.8931254148483276,0.9632253050804138,0.024231750518083572,-1.1015993356704712,0.44337403774261475,-1.4213573932647705,-1.1665929555892944,-0.6530663371086121,-0.4351145327091217,0.6496087312698364,-0.38120830059051514,-0.419871062040329,1.075693964958191,2.391810894012451,-0.7099185585975647,-0.04291630536317825,-0.5497961640357971,0.06722381711006165,0.39078956842422485,2.1162710189819336,-2.7380287647247314,-2.696887969970703,-0.9914364814758301,-1.488683819770813,0.9762992262840271,-0.1857081651687622,0.45799633860588074,1.1327875852584839,1.397866129875183,-2.4058759212493896,-1.413678765296936,1.4248424768447876,0.8610926866531372,1.2741599082946777,-1.1007237434387207,-0.1155572384595871,-0.5785490870475769,-0.29960897564888,1.5396572351455688,-0.03482932969927788,-0.44905102252960205,1.0610519647598267,-0.9915887713432312,1.6711348295211792,-0.6709975600242615,0.25769147276878357,0.7789640426635742,-0.23157499730587006,-1.1001014709472656,0.9721077680587769,0.5533115267753601,0.10286775231361389,-0.4119609594345093,-0.9499419927597046,1.4354687929153442,0.3446516692638397,0.22317303717136383,-1.0760867595672607,-1.3190385103225708,0.5425269603729248,-0.5206316709518433,0.5826578736305237,0.542198657989502,0.7304754853248596,-2.034076690673828,-0.45637935400009155,0.18114593625068665,0.4782622754573822,-1.1918258666992188,-2.059929370880127,1.3004897832870483,0.4806523025035858,1.0564332008361816,-0.16071856021881104,1.1070722341537476,0.33212360739707947,1.0188876390457153,-0.8743237257003784,2.4768924713134766,0.09955471009016037,0.1334673911333084,0.8051077723503113,0.15712565183639526,0.7616028785705566,0.6107386946678162,1.088196873664856,-0.8923568725585938,0.7752176523208618,-0.19341140985488892,0.29950234293937683,1.1287568807601929,-0.3468916416168213,1.4678372144699097,1.0662238597869873,0.013890890404582024,0.16458837687969208,1.4699217081069946,-0.8415953516960144,0.3683735728263855,-1.0017638206481934,-0.4963171184062958,-0.6988124847412109,0.8349334597587585,0.8114557266235352,0.562158465385437,0.19133368134498596,-0.9860746264457703,-0.01526294369250536,-0.1389675885438919,-0.24171124398708344,-0.7977741956710815,0.4427545666694641,0.7814825177192688,1.3819241523742676,-1.4150646924972534,0.2532670497894287,0.4961913526058197,0.06662710756063461,-0.44458892941474915,1.1101315021514893,0.044185515493154526,0.7554939389228821,-1.2621891498565674,-0.5317124724388123,1.120261788368225,-0.32285815477371216,0.37928861379623413,0.9735788106918335,-0.7142682075500488,-2.210597038269043,-0.6582398414611816,-0.4554372727870941,-0.7307407259941101,-0.13415125012397766,-1.12334406375885,-0.8796775341033936,0.762533962726593,-0.1528090089559555,-0.5090880393981934,0.24811992049217224,-0.9433757066726685,-0.5007926821708679,-1.3260467052459717,1.372829794883728,0.6774967908859253,-0.5406836867332458,0.7727038860321045
amazon-clothes.csv,-1.4347666501998901,1.9058091640472412,-0.5139158368110657,0.05775762349367142,0.050222232937812805,-0.44776299595832825,0.9586770534515381,0.166425883769989,0.2070702463388443,0.7948995232582092,-2.3934500217437744,-1.4237531423568726,-0.9399782419204712,0.2247534841299057,-0.7404683232307434,-0.08085944503545761,-1.3388835191726685,-0.13704326748847961,-0.09854648262262344,0.7599994540214539,0.9154477715492249,-0.27296969294548035,0.2997566759586334,1.3859543800354004,0.9544434547424316,-0.22331489622592926,1.095070242881775,0.047075167298316956,-2.0799801349639893,0.633655309677124,0.801901638507843,-0.0246657095849514,0.20882859826087952,0.3252778947353363,-1.0241767168045044,-0.8692398071289062,-1.041752815246582,2.015077590942383,-0.6443263292312622,0.37337854504585266,-0.4276011288166046,-0.23030008375644684,1.9033387899398804,-0.035824671387672424,0.2228553295135498,-0.22586913406848907,-1.1092737913131714,1.0584015846252441,-1.0477283000946045,-0.3294527530670166,-0.7476383447647095,-0.7988195419311523,-2.1497814655303955,1.654070258140564,-0.6662206649780273,-0.0589553639292717,-0.5566927790641785,-0.4624024033546448,-1.0060906410217285,-0.42122983932495117,0.025690045207738876,0.7218376994132996,0.5418210625648499,-0.8109160661697388,1.6184662580490112,0.3488491475582123,2.166607141494751,0.20188884437084198,-0.5821802616119385,0.036398470401763916,0.9744968414306641,-0.07664626836776733,1.6093610525131226,-1.9337310791015625,-2.2303075790405273,-0.18357150256633759,-0.861397385597229,1.7519471645355225,0.19714033603668213,-0.07259631901979446,1.7541776895523071,1.7040222883224487,-1.5839897394180298,-0.5310039520263672,1.6188451051712036,1.0611953735351562,1.3312658071517944,-0.8636764883995056,0.09592680633068085,-1.3230711221694946,0.04813535138964653,1.3172448873519897,-0.23078978061676025,0.5011641383171082,0.7042174935340881,1.0322185754776,0.4461699426174164,-0.2558748424053192,0.728277862071991,-0.008212368004024029,0.14819030463695526,-0.5205901265144348,-0.45018720626831055,-0.6469612717628479,-0.673191249370575,-1.6515586376190186,-1.3340240716934204,0.6387109756469727,-0.6639025211334229,0.0869855284690857,-0.9912718534469604,0.17829260230064392,0.3623499274253845,1.3780040740966797,0.660496175289154,0.2778696119785309,0.16516774892807007,-1.5722800493240356,0.16738051176071167,1.0223103761672974,1.391400694847107,-1.0589085817337036,-1.6596441268920898,-0.22221148014068604,0.18581236898899078,1.8179210424423218,0.7075011730194092,1.8852194547653198,2.240281105041504,1.8999030590057373,-1.6530557870864868,1.7528247833251953,-1.1226389408111572,0.3895801305770874,-0.08574284613132477,0.6040583252906799,1.3467328548431396,1.5914814472198486,0.9184881448745728,-0.4056033790111542,0.9880132079124451,0.44103944301605225,-0.027404440566897392,1.677955150604248,-0.6068635582923889,0.6091951131820679,1.3489995002746582,-0.7695714831352234,0.3034530580043793,0.1039830893278122,-0.6812587380409241,0.5647596716880798,-1.148488998413086,-0.2760586738586426,-0.38703858852386475,0.729915976524353,-1.1417360305786133,-0.14705096185207367,-0.5846070051193237,1.154301643371582,1.2417888641357422,-1.2348737716674805,-0.35579344630241394,0.07112768292427063,0.9607445597648621,0.8260581493377686,0.46541085839271545,-1.4672602415084839,1.2683509588241577,0.3488568365573883,0.9864755868911743,0.032522860914468765,1.6646630764007568,0.26750364899635315,0.24739621579647064,-0.31212925910949707,0.17241205275058746,0.6222712993621826,-0.8194233775138855,-0.372525691986084,0.577197790145874,-0.5880074501037598,-2.3752529621124268,-0.7942362427711487,1.686881184577942,-1.5390936136245728,1.2197798490524292,-0.37675946950912476,-1.3564502000808716,0.6689987778663635,-0.13647741079330444,0.05606468766927719,-0.002566238399595022,-0.25585806369781494,-0.6493250727653503,-1.0501872301101685,0.034624796360731125,1.2124745845794678,-1.3807209730148315,0.792413592338562
amazon-automotive.csv,-1.1659010648727417,0.24150392413139343,-1.4783556461334229,0.40647774934768677,0.6262873411178589,-0.12954291701316833,1.2642300128936768,0.4952622950077057,0.14146484434604645,1.8714823722839355,-0.4103633761405945,-1.4192861318588257,-1.7549232244491577,-0.22058410942554474,-0.5541078448295593,1.1989214420318604,0.6464760303497314,-0.3037435710430145,-0.9711022973060608,0.01993914507329464,1.3106915950775146,0.1323104351758957,-2.067779302597046,1.3521000146865845,-0.0051822178065776825,-0.7511051893234253,2.2906646728515625,0.03506932407617569,-1.913163185119629,-0.03957255929708481,0.2957778871059418,-0.5384901762008667,-2.1602911949157715,-0.0015366367297247052,-0.6916528940200806,0.36825188994407654,-0.7798972129821777,1.3902266025543213,-0.6285818219184875,-0.4824866056442261,0.03258197382092476,0.2021026462316513,0.8881047964096069,-0.5708580017089844,-0.7099159955978394,-0.10741738229990005,-1.1900910139083862,1.1772433519363403,-0.5193194150924683,0.052700117230415344,-0.854168176651001,-1.4451156854629517,-1.9579240083694458,0.7835206389427185,0.8470068573951721,-0.09346149116754532,-0.2995040714740753,-0.347172349691391,-1.7000513076782227,-1.1116998195648193,-1.3263732194900513,0.26283931732177734,1.3277333974838257,-0.11749580502510071,-0.08442353457212448,0.6655805110931396,1.474564552307129,-1.0568568706512451,0.8703410625457764,0.07245974242687225,0.027771372348070145,-0.30069008469581604,1.3865152597427368,-2.2231554985046387,-1.6402969360351562,0.0007691286155022681,-0.8307986855506897,0.9804746508598328,-0.5481101274490356,0.98006272315979,1.2881505489349365,0.9980087876319885,-1.3564949035644531,-1.5105000734329224,1.750546932220459,1.7752141952514648,1.218323826789856,-1.237903356552124,0.7909864783287048,-1.009259819984436,0.2893127202987671,1.3919941186904907,0.22645923495292664,-0.08801218867301941,0.5515069961547852,0.3048468828201294,0.8653929233551025,-1.9630489349365234,0.6098799109458923,0.5527981519699097,-0.10751254856586456,-0.46139267086982727,0.34906917810440063,0.3422682285308838,-0.18303056061267853,-0.578347384929657,-0.6310461759567261,0.5420847535133362,0.27153122425079346,-0.39657995104789734,-0.657413899898529,-0.21168360114097595,0.07840710133314133,0.3313172459602356,1.4334826469421387,-0.2657780051231384,1.3030636310577393,-1.4758148193359375,-1.7501550912857056,1.315240740776062,0.8670706152915955,-0.3103668689727783,-1.0633052587509155,-0.2756129801273346,0.6730961799621582,2.3219854831695557,1.4229356050491333,0.781390905380249,0.9794663190841675,3.2185370922088623,-0.16667552292346954,2.596850872039795,-0.028612738475203514,0.6717928051948547,-0.03312716633081436,-0.6733900904655457,0.5179628133773804,1.2246241569519043,0.8516858220100403,-1.0033987760543823,0.5996480584144592,-1.2455686330795288,0.33290165662765503,1.4081116914749146,-0.7485780119895935,0.9585081934928894,0.8636795282363892,1.1699001789093018,0.7536449432373047,0.6275531053543091,-1.2330220937728882,0.29035574197769165,-0.5635701417922974,0.33192187547683716,-0.26469001173973083,-0.45748254656791687,0.45435038208961487,1.1999521255493164,-0.6612110137939453,-0.27090880274772644,0.7881594896316528,-0.10618583112955093,0.21545660495758057,0.5570865869522095,1.1864150762557983,0.9595030546188354,0.8809075355529785,-1.0452643632888794,0.289394348859787,0.22123731672763824,0.7728674411773682,0.1478964239358902,0.67621248960495,-0.2561556398868561,0.0939951241016388,-0.4193571209907532,0.04224855452775955,1.4743027687072754,0.2715267837047577,0.5356098413467407,1.4764031171798706,-0.8373907208442688,-1.7025922536849976,-0.4691719710826874,1.0071625709533691,-0.3889809548854828,1.354870080947876,-1.2912589311599731,-1.068269968032837,0.9326978325843811,-0.396717369556427,1.2415282726287842,-1.0095869302749634,0.0638047456741333,-1.1968629360198975,-1.5599949359893799,0.8561666011810303,0.9427342414855957,-1.2599833011627197,1.3385344743728638
amazon-games.csv,-2.0609939098358154,1.0416427850723267,-0.6221687197685242,1.0793993473052979,-0.44361573457717896,0.6941313743591309,0.7017453908920288,-0.6725062131881714,0.5153409838676453,1.4045454263687134,-2.214647054672241,-2.0665533542633057,-0.2780221998691559,-0.3448649048805237,-0.24888525903224945,0.11339664459228516,0.674277126789093,-0.5659646391868591,-0.5337281823158264,-0.5525161027908325,0.34438860416412354,-0.37410813570022583,-1.4873629808425903,0.43518105149269104,0.8778490424156189,-0.6319794058799744,1.136048674583435,-0.6244553327560425,-1.7849746942520142,0.5295708179473877,-0.7984247803688049,-0.5506033897399902,-0.8187264800071716,0.8045029640197754,-0.6189996600151062,-0.4041813910007477,-1.8792243003845215,1.8594292402267456,-0.5000892877578735,0.9893129467964172,1.2108641862869263,0.6879721283912659,0.9891520738601685,0.367744505405426,-1.4810142517089844,0.6436800360679626,-0.6763567924499512,0.5663260221481323,-0.25703510642051697,0.8860352635383606,-0.6077990531921387,-0.8032093048095703,-1.282784104347229,0.6545289158821106,0.758751630783081,0.12983253598213196,-0.5071725845336914,0.34399157762527466,-1.011772632598877,-1.2709448337554932,-0.7243549227714539,-0.37164849042892456,0.2403162717819214,0.3246804475784302,0.6636533737182617,1.1947383880615234,2.6398959159851074,-1.2359819412231445,0.6031651496887207,-1.032991886138916,0.07794393599033356,-0.32385674118995667,1.7665495872497559,-2.650212287902832,-2.3465375900268555,-1.729975938796997,-0.40681514143943787,1.3357819318771362,-0.3616744577884674,0.4464569687843323,1.3774422407150269,1.7713640928268433,-1.9178417921066284,-0.8440600037574768,0.4163038432598114,0.654537558555603,2.375464677810669,-0.21440976858139038,1.2225704193115234,-0.5366048216819763,-0.31753307580947876,1.6003609895706177,-0.21660153567790985,0.11240650713443756,-0.29790472984313965,-1.498207688331604,1.1016167402267456,-0.76508629322052,0.3534908592700958,0.48143821954727173,-0.9313209056854248,-1.561806082725525,0.6378192901611328,0.4199475944042206,0.7023281455039978,-0.12015771865844727,-1.1099454164505005,1.1340447664260864,-0.14147476851940155,0.3501465320587158,-0.6060436367988586,-0.04755433276295662,-0.21277664601802826,-0.2997359335422516,0.9526743292808533,0.3640872836112976,0.9086407423019409,-2.81726336479187,-0.9942284822463989,-0.05552500858902931,0.9447312355041504,-0.9484674334526062,-0.3332427442073822,0.36463114619255066,0.17900122702121735,0.6404964923858643,0.31573793292045593,-0.8873586058616638,0.9378337860107422,0.49625280499458313,-0.8312941193580627,2.0419883728027344,-0.13761137425899506,0.9582041501998901,0.0014806523686274886,-0.42409250140190125,1.3948605060577393,1.249857783317566,0.8489463925361633,-1.5290064811706543,-1.0411580801010132,-0.5861536264419556,1.2689305543899536,1.6600087881088257,-0.7488352060317993,1.3010587692260742,2.594766139984131,-0.2614891827106476,0.5893885493278503,0.286155104637146,-0.32842323184013367,0.6071153879165649,-1.0056347846984863,-0.5607473254203796,0.5861366987228394,0.16288942098617554,0.8557290434837341,0.7288335561752319,-0.7863814234733582,-0.3180807828903198,0.38649967312812805,-0.2133813202381134,-0.46237364411354065,0.6564708352088928,-0.3850107192993164,0.3485986888408661,0.93747878074646,-0.9467375874519348,0.4955878257751465,1.1856986284255981,1.3069900274276733,0.0052625336684286594,-0.3096533417701721,-0.8725187182426453,1.3901317119598389,-1.4454971551895142,-0.46501871943473816,0.8171073198318481,-0.4990488886833191,-0.7045886516571045,1.4913301467895508,-0.025576697662472725,-1.4240325689315796,-0.3204588294029236,-1.1897735595703125,-0.4243646562099457,0.21343500912189484,-0.6548442244529724,-0.2867037057876587,1.9627602100372314,0.5945325493812561,-0.9722955822944641,-0.7579449415206909,-1.2638123035430908,-1.0527325868606567,-0.8635754585266113,1.2812449932098389,0.7876361608505249,-0.7519180178642273,-0.039600249379873276
amazon-food.csv,-0.5915863513946533,-0.25974947214126587,-0.6455923914909363,0.8403965830802917,0.05271608754992485,0.09175208956003189,1.2169111967086792,-0.26944205164909363,0.7322753667831421,1.5310219526290894,-1.1061763763427734,-2.397608518600464,-2.1505773067474365,0.11160042136907578,-0.3843694031238556,0.9151249527931213,-0.346951425075531,-0.012390217743813992,-0.2729160487651825,0.16652320325374603,0.7195280194282532,-1.0884279012680054,-0.4998157322406769,0.9689347743988037,-0.016957271844148636,-0.5944722294807434,2.5729520320892334,-0.5439981818199158,-2.1444337368011475,0.29160913825035095,-0.4591657221317291,0.5238534212112427,-1.4793574810028076,0.43088027834892273,-0.07568221539258957,-0.1151648759841919,-0.24999193847179413,1.8186389207839966,-0.24795560538768768,0.5319886803627014,-0.1749228984117508,-0.0783901959657669,1.3506622314453125,-0.6335437893867493,-0.8442609906196594,-0.1639149785041809,-0.3424447476863861,0.9949418306350708,-0.8686514496803284,-0.050546735525131226,-0.9521282315254211,-0.4450950026512146,-1.8330297470092773,1.828069806098938,-1.3297433853149414,-0.44844797253608704,0.8132900595664978,-0.5292769074440002,-1.1665085554122925,-0.3424113094806671,-1.212185025215149,-0.1488482505083084,0.7111946940422058,-0.30390989780426025,0.5066037774085999,0.6954959034919739,1.0406595468521118,-1.110247015953064,0.6008736491203308,-0.4822513163089752,0.399185448884964,0.0030923790764063597,2.1700353622436523,-2.345327615737915,-2.3757526874542236,0.2171686291694641,-1.2735260725021362,0.6741760969161987,0.32920655608177185,-0.07920291274785995,1.1710823774337769,1.8047435283660889,-0.9280532598495483,-0.684873104095459,0.9195026159286499,1.0050854682922363,1.1207202672958374,-0.8244850635528564,0.02364770695567131,-1.713649868965149,-0.47619950771331787,2.257734537124634,-0.38313058018684387,0.31216076016426086,0.3993399143218994,0.32334768772125244,1.153781533241272,-0.2976929545402527,1.338647723197937,0.18861833214759827,-0.3228287100791931,-1.182666301727295,0.9576897025108337,-0.29470011591911316,0.30677005648612976,-1.4056248664855957,-1.0998997688293457,1.4179210662841797,0.9041792750358582,-0.46411046385765076,-1.226583480834961,0.32617366313934326,0.053101833909749985,1.4134390354156494,0.5981538891792297,-0.30757391452789307,0.3816455900669098,-0.679305911064148,-1.327011227607727,0.5331709384918213,-0.1664607971906662,-0.5845775008201599,-1.209895372390747,0.024269364774227142,0.7984286546707153,2.424535036087036,0.7773491144180298,2.0926496982574463,1.7106287479400635,2.5470306873321533,-1.1803388595581055,1.401366114616394,-0.03036980703473091,-0.37036198377609253,-1.1308491230010986,0.36964523792266846,-0.12877853214740753,0.744662880897522,1.537970781326294,-1.4918400049209595,0.5797477960586548,-0.4628066122531891,0.4823439121246338,1.1450083255767822,-0.6149644255638123,0.6916857957839966,1.359324336051941,0.2882343530654907,-0.08517861366271973,-0.08452636748552322,-1.052781343460083,0.27251526713371277,-0.35299864411354065,-0.17395193874835968,0.0243864543735981,0.6508986353874207,0.45231664180755615,0.32829567790031433,-0.0493338443338871,-0.3987334668636322,0.977729320526123,0.36242374777793884,0.9273367524147034,0.5150355100631714,0.9433762431144714,0.7334656119346619,1.3090605735778809,-2.1238489151000977,0.811846911907196,0.8784536719322205,0.9084649682044983,0.5745366215705872,0.9263535737991333,-0.2920685112476349,0.31203293800354004,-1.4303635358810425,1.2528047561645508,1.142927646636963,0.35919854044914246,-0.3812074065208435,0.6798674464225769,-0.7671754956245422,-2.2421979904174805,-0.8979135751724243,1.3875503540039062,-0.5689362287521362,0.6639778017997742,-1.5045015811920166,-1.4194610118865967,1.3093031644821167,-0.5492771863937378,1.7032493352890015,0.003985562827438116,-0.45979464054107666,0.10654599964618683,-1.1820966005325317,0.7017264366149902,0.3261181712150574,-0.5023239254951477,1.2305129766464233
amazon-kindle.csv,-1.552111268043518,1.1070351600646973,-0.370260626077652,1.0355949401855469,-0.5207573175430298,0.2894521653652191,1.339245319366455,0.17094272375106812,-0.3514196276664734,1.6293838024139404,-1.8983025550842285,-2.0412182807922363,-0.16185583174228668,0.3382980227470398,-0.5553964376449585,0.3765418231487274,0.2787935435771942,-0.06725715100765228,-0.1792946755886078,-1.4323257207870483,1.3723986148834229,0.044300761073827744,-1.6306663751602173,0.3235669434070587,1.5332828760147095,-0.18175101280212402,2.0950210094451904,-0.8770168423652649,-0.6198747754096985,-0.09183499962091446,-0.05780801922082901,-0.11059389263391495,-1.360978364944458,1.2779006958007812,-0.006880366709083319,0.2538120150566101,-0.5662185549736023,1.9394608736038208,-0.11210309714078903,1.0430196523666382,-0.2797430455684662,0.26709532737731934,0.9085761308670044,-0.2864031195640564,-0.46878305077552795,0.5032621622085571,-0.6065509915351868,0.22360126674175262,0.8197550177574158,-0.2946813106536865,-1.0271344184875488,-0.9445925951004028,-1.5407580137252808,0.28627049922943115,1.4720840454101562,-0.3499123454093933,-0.390335351228714,0.008584964089095592,-1.7748674154281616,-1.171018123626709,-0.7910526394844055,-0.8859219551086426,0.06080440431833267,0.10976366698741913,-0.19154542684555054,0.7814264297485352,2.275749683380127,-1.2060235738754272,0.8680136799812317,-0.44275805354118347,0.49296754598617554,-0.2827788293361664,3.4273030757904053,-2.2999091148376465,-2.1122512817382812,-0.26630154252052307,-0.8493027091026306,1.0349881649017334,0.0428285151720047,-1.2966151237487793,1.6512224674224854,1.0653059482574463,-2.5192723274230957,-2.297868490219116,1.9735108613967896,1.579607367515564,1.8619868755340576,-1.2352389097213745,0.7851860523223877,-0.5154864192008972,-0.060239072889089584,2.557908535003662,-0.701014518737793,-0.3842169940471649,0.7159894108772278,-1.0027027130126953,1.1425225734710693,-0.1482038050889969,-0.2571617066860199,0.4890282452106476,-1.1683499813079834,-0.6868813633918762,0.9833687543869019,-0.14216533303260803,0.046417396515607834,-0.28628408908843994,0.4606923758983612,0.4798794090747833,0.7856121063232422,-0.051643967628479004,-0.6270290017127991,-0.8514336943626404,-0.3886343538761139,-0.495124876499176,-0.015545692294836044,1.0058828592300415,1.4751482009887695,-1.9450384378433228,-0.2614234685897827,0.8592053055763245,1.2009496688842773,-0.5107619166374207,-0.6931950449943542,0.22230401635169983,0.4447450637817383,0.7009820342063904,-0.12957194447517395,0.556485116481781,0.4554539620876312,1.803304672241211,-1.662295937538147,1.703027606010437,0.282226026058197,0.23993054032325745,1.1772487163543701,-0.55903160572052,1.1648070812225342,0.3094235062599182,1.5319896936416626,-1.3698383569717407,-0.3783649206161499,-0.03194616734981537,1.141573190689087,1.0966049432754517,-0.5281921029090881,1.695042371749878,0.6147885322570801,-0.141232430934906,0.3059554398059845,1.2179617881774902,0.15007337927818298,0.40052175521850586,-0.971339225769043,-0.2732674181461334,0.11994481086730957,1.1099587678909302,1.140346646308899,0.944111168384552,0.6814111471176147,-0.9760598540306091,0.5610711574554443,-0.3029784858226776,-0.3629043400287628,0.32253190875053406,0.23071922361850739,0.8663663864135742,0.7144879102706909,-1.1333568096160889,0.42585375905036926,1.3082692623138428,0.19401994347572327,-0.7965884804725647,0.6911966800689697,0.27741995453834534,0.41777026653289795,-1.5425094366073608,-0.3464670479297638,0.7579782009124756,-0.6457743048667908,0.6590602397918701,0.2744307219982147,-0.1420336812734604,-2.314697742462158,-0.7508206367492676,-0.06471885740756989,-0.27053800225257874,0.32226476073265076,-0.29118677973747253,-1.165151834487915,-0.010250776074826717,0.2622295618057251,-0.924367368221283,-0.05657154321670532,-1.2600010633468628,-0.803211510181427,-0.74063640832901,1.213148593902588,0.695198118686676,-0.622313380241394,0.15246686339378357
amazon-apps.csv,-0.9821330904960632,-0.09027225524187088,-0.48121562600135803,0.3726528584957123,-1.3475160598754883,0.9794891476631165,1.6953895092010498,-0.6258289813995361,0.08701734989881516,1.211174488067627,-1.335572361946106,-2.5835700035095215,-1.7088332176208496,-0.35979798436164856,0.2489866316318512,1.099006175994873,-0.5098153352737427,-0.40402549505233765,0.12402071058750153,-0.3242732286453247,0.8569913506507874,-0.8436595797538757,0.7091503143310547,1.0593831539154053,1.3133034706115723,-0.3668923079967499,3.338045597076416,-0.843510091304779,-0.3151904344558716,0.5663068294525146,-0.8117921352386475,-0.2265680432319641,-0.31077978014945984,1.2489955425262451,0.3051289916038513,-0.17471562325954437,0.047722045332193375,1.8546972274780273,-1.1518950462341309,1.276611089706421,1.4193553924560547,0.598588764667511,-0.03578043356537819,-1.2803232669830322,-1.0211111307144165,0.18154537677764893,-0.28601378202438354,1.299923062324524,-0.9550435543060303,0.7791719436645508,-1.3183627128601074,-0.22851736843585968,-0.1579274982213974,1.603739619255066,-0.8569319844245911,-0.9931665658950806,0.3085941970348358,0.0020516952499747276,-1.5710279941558838,-0.7597277760505676,-0.3907566964626312,0.23464523255825043,0.19754210114479065,0.24748937785625458,0.04762178659439087,0.05924002826213837,0.834716796875,-1.1319462060928345,0.6103901267051697,-0.15475204586982727,0.016621973365545273,0.5445860624313354,1.5452711582183838,-1.9313446283340454,-2.675778865814209,-0.13376209139823914,-1.856558918952942,1.4059191942214966,0.5053788423538208,0.9399240612983704,1.3546651601791382,1.3301533460617065,-1.8372834920883179,-0.7838751673698425,-0.3355315923690796,0.6207242608070374,1.587819218635559,-1.346245527267456,0.062071893364191055,-1.0418715476989746,0.17924894392490387,0.9034119844436646,-0.6609247922897339,0.9858500361442566,0.6593158841133118,0.09476806968450546,1.850348711013794,-0.6615502238273621,0.4921266436576843,-0.29487285017967224,-0.35139375925064087,-1.4356741905212402,1.7136714458465576,-0.29200562834739685,-0.18446068465709686,-0.545008659362793,-0.2984420657157898,1.3539751768112183,0.9810611605644226,-0.33899930119514465,-1.0535972118377686,-0.0036748982965946198,1.2325303554534912,1.4472596645355225,-0.5172936320304871,-0.20380640029907227,0.6692185401916504,-1.760054349899292,-0.21382474899291992,1.275614857673645,-0.9216402173042297,-0.7321674227714539,-0.808342695236206,0.4516964852809906,0.0449947863817215,2.6800923347473145,-0.12303221225738525,1.053996205329895,0.7562643885612488,0.7346856594085693,-2.638115644454956,1.5230878591537476,-0.2576124370098114,0.7677299976348877,-0.3809208571910858,-0.08943212777376175,0.44248226284980774,0.6442030668258667,1.331286907196045,-0.6168916821479797,1.0185236930847168,-0.17810627818107605,-0.42769595980644226,1.6914186477661133,-0.27237191796302795,0.4743541479110718,1.1679199934005737,-0.08527268469333649,-0.7231478095054626,0.0674462541937828,-0.6393613815307617,-0.5202553272247314,-1.3925937414169312,-0.9304623007774353,-0.2771102488040924,0.38901764154434204,0.5035892724990845,0.661716878414154,-1.004183292388916,-1.2323356866836548,0.3764614164829254,0.39809975028038025,-0.39974161982536316,0.8970960974693298,0.3566742241382599,0.46544721722602844,2.4407787322998047,-2.6430695056915283,1.5702321529388428,0.8852392435073853,0.5297011137008667,0.24469034373760223,0.9862730503082275,-1.0771492719650269,0.023851683363318443,0.08926587551832199,1.126352310180664,1.2275547981262207,-0.303917795419693,0.7659598588943481,0.47202152013778687,0.3827308416366577,-1.3247135877609253,0.039301153272390366,0.2829176187515259,-1.0403391122817993,-0.9945054650306702,-1.1496185064315796,-0.7096662521362305,0.9292821884155273,-0.11825856566429138,-0.6928801536560059,0.732793927192688,-0.9468557238578796,0.14947104454040527,-0.36372703313827515,0.7215626835823059,-0.2540212571620941,0.32788658142089844,0.9056764245033264
jester1.csv,-1.268614649772644,-0.3122794032096863,-1.6647324562072754,-0.9965634942054749,0.30304187536239624,0.8068058490753174,0.6058727502822876,-0.034949153661727905,-0.5327832698822021,1.1214745044708252,-1.3065751791000366,-1.8210697174072266,0.3893360197544098,-0.7432746887207031,-0.8269015550613403,0.8068579435348511,0.8343731760978699,-0.9454602003097534,-0.6205554604530334,-1.1791706085205078,0.5199961066246033,-1.2807152271270752,-0.7345355153083801,0.2588791251182556,1.1866658926010132,0.19369417428970337,1.5758395195007324,0.4294262230396271,-1.296141505241394,1.1490625143051147,1.3711092472076416,-0.2983262240886688,-1.5670173168182373,0.7479696869850159,-0.03767465054988861,-1.671423316001892,-1.8995517492294312,1.8133544921875,-0.8110454678535461,-0.4392678141593933,1.5823357105255127,0.8336208462715149,-0.6999329328536987,-0.9672961235046387,0.15818704664707184,-0.9245344400405884,-0.020771311596035957,1.577396035194397,0.0762561485171318,0.6308894753456116,-0.6864612698554993,0.12080424278974533,-1.1729745864868164,0.7528828978538513,-0.3122410178184509,-0.6724059581756592,-0.1697707176208496,0.6120060682296753,-0.08422283083200455,-2.010322093963623,0.32981884479522705,0.4000832140445709,0.08348547667264938,-1.669528603553772,0.7401822805404663,1.7422986030578613,0.8894990682601929,-1.6893227100372314,-0.5836887955665588,0.8963739275932312,-1.1580612659454346,0.21255356073379517,2.6333842277526855,-2.242701768875122,-1.6511406898498535,-0.6557483077049255,0.12124964594841003,-0.33988940715789795,1.1404831409454346,-0.4103397727012634,2.1679656505584717,0.1378360390663147,-0.3517913818359375,-1.6833454370498657,0.31574052572250366,1.9605857133865356,0.5664646029472351,-0.1395009458065033,-0.9882775545120239,-0.3894853889942169,-0.44272249937057495,1.5500924587249756,0.9275882840156555,0.1454106718301773,1.7508766651153564,-0.15685510635375977,0.6264693737030029,0.0071410806849598885,1.6371779441833496,-0.37365078926086426,0.07335680723190308,-1.5249327421188354,0.9871197938919067,0.2822008430957794,0.19155624508857727,-0.9457011222839355,-0.9559869766235352,1.4459292888641357,0.34114864468574524,0.38236743211746216,0.4231227934360504,-0.39665818214416504,0.8985155820846558,1.2054098844528198,0.8596284985542297,-0.3993174433708191,1.5711487531661987,-1.7609670162200928,0.03359271213412285,0.05078694224357605,-0.08083858340978622,-0.8772467374801636,-1.2149370908737183,0.653457522392273,-0.41971465945243835,2.7718586921691895,0.48095038533210754,0.1442166268825531,0.4008243978023529,2.3931565284729004,-0.8303143978118896,0.8041836619377136,0.21046100556850433,0.20224614441394806,1.0065301656723022,0.6568299531936646,1.7281020879745483,0.5733739733695984,0.12861227989196777,-0.5024693012237549,1.1192927360534668,0.715824544429779,1.012585163116455,0.5405108332633972,-0.964024543762207,0.7599418759346008,1.336723804473877,1.2384235858917236,1.0777924060821533,0.4896252751350403,-0.619040846824646,0.23929481208324432,-0.89430832862854,-0.9118711352348328,0.949652373790741,1.41095769405365,0.013630791567265987,0.7968276739120483,0.803534984588623,-0.5479208827018738,-1.5352506637573242,-0.002068855334073305,-0.12984468042850494,0.5800539255142212,1.1896213293075562,0.8013837337493896,0.6463927626609802,-0.7538242340087891,1.0338605642318726,-0.5741512179374695,1.0499483346939087,0.24392634630203247,1.258257269859314,0.5348454713821411,0.23486673831939697,-0.7344210147857666,0.9766526222229004,0.7960373759269714,0.1823313981294632,-0.3315933048725128,-0.20361560583114624,-0.5068656802177429,-1.8209178447723389,-1.052966594696045,-0.09400314092636108,-1.119966745376587,0.36131832003593445,-0.7232900261878967,0.18090063333511353,1.045969009399414,-0.43190646171569824,0.18531641364097595,-1.0734785795211792,-0.3522596061229706,-1.6546382904052734,-1.1641284227371216,1.692214846611023,0.6985582113265991,-1.4260276556015015,1.0784153938293457
yahoo-music.csv,0.08588264137506485,-1.8901221752166748,-1.1038490533828735,-1.1409850120544434,-0.6278690099716187,1.180646300315857,0.5811707973480225,-0.4672345519065857,-0.11304555088281631,1.8124722242355347,-1.1826153993606567,-2.9362385272979736,0.17852769792079926,-0.3361319303512573,-0.7471811175346375,0.855859637260437,0.7350702881813049,0.31052181124687195,-0.08952280133962631,-0.4387105405330658,1.7559189796447754,-1.6655017137527466,-0.6058533787727356,1.2787721157073975,-0.35517606139183044,0.5131678581237793,1.9014643430709839,-0.6019423604011536,-0.9653605818748474,1.8391748666763306,0.3471205532550812,1.4055794477462769,-1.4571350812911987,1.4230402708053589,0.26646947860717773,-0.3472411036491394,-0.26819759607315063,1.170951247215271,-1.9930864572525024,1.0304845571517944,-0.18791143596172333,-1.4832468032836914,0.9323301911354065,-0.06882350146770477,0.6134412288665771,0.3222411870956421,-0.6324985027313232,0.28181999921798706,-0.26536643505096436,-0.5134457349777222,-0.09501800686120987,0.2395530492067337,-0.1928313672542572,2.2892274856567383,0.08357531577348709,-0.021601716056466103,0.9389581084251404,-1.0811004638671875,-1.449572205543518,-1.2993781566619873,-0.2831641435623169,-1.0841032266616821,0.11638901382684708,0.3965340554714203,0.4816904366016388,0.7606291174888611,1.8892256021499634,-1.490150809288025,-0.12312810122966766,-0.7869216799736023,0.7739850282669067,0.47965627908706665,1.9095321893692017,-1.2624709606170654,-1.4603787660598755,-1.224334955215454,-0.45908623933792114,-0.10255852341651917,-0.5625066161155701,0.22701065242290497,2.3765666484832764,1.243783712387085,-2.9137420654296875,-0.9944505095481873,1.24808931350708,0.017764007672667503,2.158442497253418,-0.5959795117378235,-0.18868647515773773,0.10651825368404388,0.07897293567657471,1.862902283668518,-0.2282509058713913,-0.7097103595733643,1.7158206701278687,-0.3160551190376282,0.3033926486968994,-0.6563648581504822,0.2974171042442322,-1.7205826044082642,-1.2032798528671265,-0.7384583353996277,-0.4475313425064087,0.8863633275032043,0.5608630180358887,-0.46855518221855164,-0.29381507635116577,0.21811772882938385,-0.06653697043657303,1.0801056623458862,-0.9089030623435974,-0.6046518087387085,0.4820060431957245,0.2867300808429718,-0.5313819050788879,0.11014129221439362,0.005967841017991304,-0.9399507641792297,-0.665310800075531,-0.022591928020119667,0.43006742000579834,-0.22084428369998932,-0.18126122653484344,0.1683865338563919,1.8467150926589966,0.7340748906135559,0.1757180243730545,0.207734152674675,0.3891458809375763,1.263048529624939,-1.1881060600280762,0.2854401469230652,-1.282825231552124,0.8141615986824036,0.4760269224643707,0.5882969498634338,1.83101487159729,0.8449585437774658,1.4481350183486938,-0.5942147970199585,0.7860172986984253,0.33895525336265564,0.3733649253845215,0.8154608011245728,-1.4547874927520752,0.4402179419994354,1.7231810092926025,0.6751149296760559,0.7840824127197266,1.2218550443649292,-2.5307936668395996,1.1303300857543945,-0.9001201391220093,-0.4423137307167053,-0.732441246509552,-0.3342968225479126,-0.3035643398761749,0.03973548486828804,0.3244718909263611,-1.2825194597244263,-0.06777855008840561,-1.2647628784179688,-0.4989680051803589,-0.023925520479679108,1.1044986248016357,-0.2165968418121338,0.2092040330171585,-1.254919171333313,0.6150882244110107,0.8310310244560242,0.5474299192428589,-0.2963803708553314,0.622079610824585,-0.05908709019422531,1.4034634828567505,-0.6043282151222229,-0.48243510723114014,0.6707853078842163,0.7523674368858337,-0.7479590177536011,0.19698378443717957,0.007795030251145363,-1.2662228345870972,-1.634961485862732,0.8936384916305542,-0.9095701575279236,0.6660931706428528,-0.34509024024009705,-0.8428934216499329,0.7637170553207397,-0.7622427940368652,1.2358070611953735,-0.3946951925754547,-0.9161369204521179,-1.1758548021316528,-0.8332704305648804,0.07996419817209244,0.37858760356903076,-0.6370132565498352,2.880664110183716
movietweetings_latest.csv,-0.24831698834896088,-0.6715251207351685,0.30650657415390015,0.7256121039390564,-0.32475224137306213,0.7434439659118652,1.2562522888183594,0.5435793995857239,0.5944886207580566,2.16684889793396,-1.0310486555099487,-1.888218641281128,-1.522524356842041,0.4148576855659485,-1.301692247390747,0.5791224837303162,0.6425865888595581,-0.6660971641540527,-0.032530490309000015,-0.08964866399765015,0.039210207760334015,-0.8489653468132019,-2.3144967555999756,0.863629162311554,0.27736255526542664,-0.7609625458717346,2.6178948879241943,-0.1439959555864334,-1.874773383140564,0.1669759303331375,-0.8342568874359131,0.8687307834625244,-0.11911816149950027,0.9899207353591919,-1.5130057334899902,0.14534801244735718,0.04052950441837311,1.0643086433410645,-0.3672754764556885,0.7445092797279358,0.7600303888320923,0.8246589303016663,0.9116737842559814,0.17920969426631927,1.2400997877120972,-0.1910521239042282,-0.193167045712471,0.35560622811317444,-0.26990723609924316,-0.911553144454956,-0.858488917350769,-1.216782569885254,-1.0448869466781616,-0.3534853756427765,0.20638404786586761,-1.769395351409912,0.8114882707595825,0.15194770693778992,-0.8958942890167236,-0.8860863447189331,-1.4060771465301514,-0.5227813124656677,1.42095947265625,0.26191243529319763,0.8942298889160156,1.2208218574523926,0.9226638674736023,-1.1097744703292847,1.0824627876281738,0.5445913672447205,0.024850551038980484,-0.23909398913383484,1.910373330116272,-2.1640610694885254,-1.7138288021087646,-0.13851454854011536,-1.5107992887496948,1.7032699584960938,-0.35738056898117065,0.5114510655403137,0.5022476315498352,1.4509564638137817,-1.1921470165252686,-1.9128621816635132,0.39772242307662964,1.0006929636001587,1.84253990650177,-0.7107616066932678,0.12722374498844147,-0.5977286100387573,0.03553255274891853,2.1882898807525635,0.533700704574585,-1.16800856590271,1.5788869857788086,-0.7995326519012451,0.4317663908004761,0.14628766477108002,-0.27108290791511536,0.2446960061788559,1.0958281755447388,-1.6829180717468262,0.016874218359589577,0.7812793254852295,0.4130948781967163,-0.9653056859970093,-0.6156355738639832,2.057436466217041,0.008558728732168674,-0.20694148540496826,-1.181327223777771,-0.5209307074546814,0.5875542163848877,0.7944438457489014,0.15210549533367157,-0.40019869804382324,0.7280612587928772,-1.6197220087051392,-0.8196998238563538,0.8947515487670898,0.07307122647762299,-0.6435400247573853,-1.3688788414001465,1.3111112117767334,0.1606595814228058,1.849348783493042,0.07060013711452484,1.3337310552597046,-0.16031834483146667,1.4504024982452393,-0.5637613534927368,2.708132743835449,-0.21090129017829895,1.496225357055664,2.035400867462158,-0.07499468326568604,0.7788947224617004,-0.4040137231349945,0.4245908260345459,-0.5668548941612244,0.7384200096130371,-0.19977229833602905,0.25642576813697815,1.358923316001892,-0.8594562411308289,0.9097246527671814,1.4583091735839844,-1.3865292072296143,-0.1610676795244217,1.418077826499939,-1.3646323680877686,-0.4507071077823639,0.23101355135440826,-0.751559853553772,0.31052500009536743,0.5948729515075684,1.514922022819519,-0.12716889381408691,0.7824491262435913,-1.0540889501571655,-0.8805288076400757,0.6614700555801392,0.4084629714488983,0.21607963740825653,-0.47490155696868896,0.974223256111145,1.1217604875564575,0.34994935989379883,-0.830703616142273,-0.5249966979026794,0.3055952787399292,0.03846137598156929,0.8339507579803467,-0.9583149552345276,0.7768663763999939,-0.5996112823486328,-0.08881037682294846,1.3052979707717896,0.38366350531578064,1.309113621711731,1.2705060243606567,-0.6132139563560486,-1.2732691764831543,-0.5218325853347778,1.4271906614303589,1.1004809141159058,0.6859546303749084,-1.471813440322876,-1.0935332775115967,0.3319210410118103,-1.4145513772964478,0.9436782598495483,0.616280734539032,-0.7842068076133728,-0.9301055669784546,-1.0596269369125366,0.8355465531349182,0.6298338770866394,-0.8492062091827393,1.1910622119903564
amazon-movies.csv,-0.06098080053925514,1.1725366115570068,-0.4803394377231598,-0.4257459044456482,1.2356061935424805,-0.2207256704568863,0.7022067308425903,-0.04633871093392372,0.6460390686988831,1.229119896888733,-2.0069007873535156,-2.418252944946289,-1.4705580472946167,0.39484721422195435,0.2198968231678009,0.11673380434513092,0.5792639255523682,0.15469549596309662,0.5772044062614441,-0.20215533673763275,1.2904263734817505,0.34955722093582153,-0.24158716201782227,0.7951946258544922,0.07721801847219467,-1.2417024374008179,1.9398664236068726,1.7677747011184692,-0.6321178078651428,0.0845852792263031,0.7717517018318176,1.3064186573028564,-1.2830816507339478,0.9866284728050232,-0.47143465280532837,0.12771469354629517,-0.679221510887146,1.8943856954574585,-1.5905098915100098,0.5902949571609497,0.07489008456468582,-0.26727110147476196,-0.43556392192840576,-0.2990535795688629,-0.08125895261764526,-0.20757360756397247,-1.3167965412139893,1.2239103317260742,-0.46395567059516907,-0.5503480434417725,-1.0480539798736572,-0.2979171872138977,-1.5121572017669678,1.7191276550292969,-0.3582460582256317,-0.3655299246311188,-0.02546912617981434,0.04748435318470001,-1.0183945894241333,-0.005642720498144627,-0.7842573523521423,-0.3440977931022644,0.519566535949707,0.31784388422966003,0.9777969717979431,1.0394526720046997,2.2859935760498047,-1.4510339498519897,1.548218011856079,-0.6717383861541748,-0.15614686906337738,-1.197426676750183,0.16833558678627014,-1.9599430561065674,-2.607832193374634,-0.8930273056030273,-1.0916523933410645,0.942381739616394,0.7015901207923889,-0.2710806429386139,0.6487296223640442,1.7394609451293945,-0.8180879950523376,-0.04245369881391525,-0.1817377358675003,2.3457512855529785,1.184528112411499,-0.7847833037376404,0.014505783095955849,-1.7346162796020508,-0.15679554641246796,1.3822078704833984,-0.8808691501617432,-0.5846577882766724,0.6034014821052551,0.09566739201545715,1.2784626483917236,-1.5325552225112915,1.4451498985290527,0.47811761498451233,-1.1733825206756592,-0.7868568897247314,0.3713497817516327,-0.7326083779335022,0.3414236307144165,0.024056032299995422,-1.3886160850524902,-0.16822479665279388,-0.10636579990386963,-0.09834571927785873,-0.4046081602573395,-0.6923291683197021,-0.6707168817520142,2.990420341491699,-0.36276817321777344,0.16713175177574158,1.0634582042694092,-0.67418372631073,0.46594446897506714,0.35162046551704407,1.4907687902450562,-0.11038433760404587,-2.155780076980591,0.6832299828529358,0.7222597599029541,1.1167967319488525,1.191542625427246,0.8499727249145508,0.9193276762962341,2.427931308746338,-1.844653844833374,1.8783286809921265,0.08709122985601425,0.17296428978443146,-0.40454399585723877,-0.7833449840545654,0.7487823367118835,0.06862717121839523,0.5662795305252075,-0.9091060757637024,0.44540995359420776,0.47040972113609314,0.12344783544540405,0.7826718688011169,-1.0782843828201294,0.7633206844329834,0.22606754302978516,-0.4035632908344269,0.8328916430473328,0.1750989556312561,-0.46062541007995605,0.5020424723625183,-0.5006932616233826,-0.2107698768377304,-0.8645578026771545,0.9438276290893555,-0.013253436423838139,-0.1851041615009308,-0.169224351644516,-1.0147602558135986,-0.5432742834091187,-1.1372565031051636,0.07983767241239548,-0.15635870397090912,0.6291268467903137,-0.5014512538909912,1.25246000289917,0.02821524068713188,-0.08353728801012039,-0.41508936882019043,0.5033566355705261,0.09728873521089554,2.165571928024292,0.46839675307273865,0.16747309267520905,-1.5751250982284546,0.39977777004241943,0.48530662059783936,-0.949712872505188,-1.4639638662338257,0.14626038074493408,-0.17819757759571075,-2.4497668743133545,-0.03133389726281166,2.2640230655670166,-0.8525286912918091,-0.31075870990753174,-0.5638432502746582,-1.0004467964172363,0.19468382000923157,-0.4136193096637726,-0.14659082889556885,-0.07527652382850647,-2.06050443649292,-1.5029456615447998,-1.2464414834976196,0.4320102632045746,0.420988529920578,-1.6865090131759644,1.0467547178268433
amazon-garden.csv,-0.36411750316619873,0.800114095211029,-0.6414998769760132,0.7591484189033508,-0.4735563099384308,0.14059092104434967,0.8922156095504761,0.6083441972732544,-0.030155092477798462,1.9832594394683838,-1.511307716369629,-1.7716587781906128,-2.0160105228424072,0.6765845417976379,-1.854577898979187,1.2770665884017944,-0.5967541337013245,0.5033807158470154,-0.026358550414443016,0.013649883680045605,1.9285532236099243,-0.7039299607276917,-0.857306957244873,0.9685348272323608,0.7743477821350098,-0.2832610309123993,2.415570020675659,0.09550334513187408,-2.0730340480804443,-0.4166121780872345,-0.05692097172141075,0.8404898643493652,-1.965053677558899,1.1234734058380127,-1.024427056312561,0.21146294474601746,0.23824085295200348,1.7388020753860474,-1.0133147239685059,1.0700393915176392,0.2296125739812851,0.3730229139328003,1.3015265464782715,-0.9131051898002625,-0.9668133854866028,-0.33464106917381287,-0.5504456162452698,0.7335110306739807,-0.41106534004211426,-1.146962285041809,-1.274033546447754,-0.557051420211792,-1.5916799306869507,1.4332929849624634,-0.15641212463378906,-0.5324099659919739,0.3398543894290924,0.1266733556985855,-1.2995649576187134,-0.8491178750991821,-0.5849859118461609,-0.2934897541999817,0.5120494365692139,-0.17827948927879333,0.4391401708126068,0.8926309943199158,1.8028703927993774,-0.32307907938957214,0.3981243371963501,-0.5673913955688477,0.2892507314682007,0.25003084540367126,2.328784465789795,-2.482138156890869,-2.2347075939178467,-0.5002322793006897,-1.4706413745880127,0.6468312740325928,0.2863323986530304,0.49116837978363037,0.8023069500923157,1.1505720615386963,-1.8245066404342651,-1.3141119480133057,1.175690770149231,1.154500126838684,1.4484792947769165,-1.2769367694854736,0.23500457406044006,-1.3905235528945923,-0.27833396196365356,2.0198090076446533,-0.6282101273536682,-0.17678269743919373,0.2605336904525757,-0.18064256012439728,1.2459392547607422,0.07928657531738281,0.4022529721260071,0.6778324246406555,-0.3407464623451233,-1.2006443738937378,0.6813622117042542,0.007687053177505732,0.37896066904067993,-0.92123943567276,-1.0810182094573975,1.6460649967193604,0.6237753033638,-0.06413324922323227,-1.0577715635299683,-0.5987440347671509,0.25349825620651245,0.48780497908592224,0.615303635597229,-0.053986601531505585,0.3682786822319031,-1.1937286853790283,-1.7213367223739624,0.7766337990760803,0.3464397192001343,-0.7353009581565857,-1.9044878482818604,0.28628823161125183,0.5808508992195129,1.8031567335128784,1.0853044986724854,1.7702813148498535,0.7309314012527466,2.1563467979431152,-0.8829095959663391,1.8928251266479492,0.024996187537908554,-0.30824893712997437,-0.01080858800560236,0.48718270659446716,0.1116027683019638,0.8645858764648438,1.37446129322052,-1.1660659313201904,0.14388515055179596,0.22008834779262543,-0.2055303156375885,0.46167710423469543,-0.6163594722747803,0.9682114720344543,0.7891707420349121,0.29784032702445984,0.18267446756362915,0.5940295457839966,-0.5835713148117065,0.5375425219535828,-0.4546774625778198,-0.3144843578338623,-0.8826237320899963,1.2931115627288818,0.40914005041122437,0.3713720142841339,0.6541852355003357,-0.676338255405426,0.12059956043958664,0.1941881775856018,0.7435200810432434,-0.34167808294296265,1.0864803791046143,0.9626753926277161,1.3755050897598267,-1.3187716007232666,-0.13923029601573944,0.449734091758728,-0.2628937065601349,-0.26746347546577454,0.8611932396888733,0.401562362909317,0.3259645998477936,-2.1313669681549072,0.3492032587528229,1.7728115320205688,-0.06018168479204178,-0.3334544897079468,0.7416770458221436,-0.6237519383430481,-2.376756429672241,-1.4412860870361328,0.7122729420661926,-0.354383647441864,0.27142462134361267,-2.1343255043029785,-1.0416139364242554,0.62848961353302,-0.8831639289855957,1.019254446029663,0.4729239046573639,-0.4422232508659363,-0.09032878279685974,-1.4296211004257202,0.7893787622451782,0.3351224660873413,-0.3260708451271057,0.8109065890312195
tripadvisor.csv,-1.0098762512207031,0.9813117980957031,0.022600974887609482,-0.976075291633606,-1.2012044191360474,0.7702184319496155,0.845365047454834,1.5463436841964722,0.5689358115196228,1.416551947593689,-1.2304027080535889,-2.0934484004974365,-1.2831915616989136,0.23494800925254822,0.013468061573803425,0.4912980794906616,0.5300271511077881,-0.18001875281333923,0.9062939882278442,-1.069077491760254,0.6192981004714966,0.023842820897698402,-1.252789855003357,0.6950623393058777,1.4398716688156128,-0.9595407843589783,2.976374864578247,0.6156142950057983,-1.3022140264511108,1.0585205554962158,0.4397275745868683,0.8074585795402527,-0.2771592438220978,0.175530344247818,-1.0058979988098145,0.2697959542274475,-0.15774177014827728,2.435776472091675,-2.0529801845550537,1.916287899017334,0.6067250967025757,-0.5287697315216064,-0.3613443076610565,-1.5934594869613647,0.057677485048770905,0.773205041885376,-1.594799280166626,0.8210754990577698,-0.7077031135559082,-0.2489338517189026,-0.8986075520515442,-1.3112040758132935,-1.9700602293014526,-0.02451419085264206,1.2264735698699951,0.2724495530128479,-1.0021954774856567,-0.22349636256694794,-1.1964776515960693,-0.6282673478126526,0.09466982632875443,-1.0802403688430786,0.23215439915657043,-0.6955376863479614,0.26187601685523987,0.5458288788795471,1.0172518491744995,-1.1170496940612793,-0.23405097424983978,-0.09526870399713516,0.04461706429719925,0.3605290651321411,1.7985953092575073,-2.0786967277526855,-2.5693037509918213,-0.6924037933349609,-0.8771716356277466,-0.284578412771225,-0.6493207812309265,-0.9115171432495117,2.435772657394409,0.9415868520736694,-1.4714549779891968,-1.5008018016815186,0.4719804525375366,1.0662267208099365,0.7654096484184265,-0.768420934677124,-0.09092637151479721,-1.1561284065246582,0.4412606656551361,2.3095757961273193,-0.2145349681377411,0.6311144828796387,0.9140647053718567,-0.12825150787830353,2.0122523307800293,-0.7370428442955017,0.4284151494503021,0.7363491058349609,-0.5652260780334473,-0.8983423709869385,0.7489783763885498,-0.3596780002117157,-0.1031278669834137,-0.5368790030479431,-0.5990336537361145,1.1236037015914917,0.20163096487522125,0.30771854519844055,-1.2367703914642334,-1.3493603467941284,0.30767300724983215,0.07841059565544128,0.9569154381752014,1.986833930015564,1.2428644895553589,-0.15254081785678864,-0.38770127296447754,1.1969678401947021,0.18500760197639465,-0.13378114998340607,-0.9316689372062683,0.42744532227516174,0.9398662447929382,1.6519081592559814,0.20858921110630035,-0.13009971380233765,0.2603393495082855,1.1312298774719238,-1.5263373851776123,1.2554234266281128,-0.061290193349123,0.994745671749115,0.3756214678287506,-0.12575586140155792,0.6607651710510254,0.4779083728790283,1.0061492919921875,-1.594225525856018,0.2775081396102905,-0.05025806277990341,0.7086182236671448,1.4230823516845703,-0.6546682119369507,1.0907015800476074,0.5555289387702942,0.2139088213443756,0.35219576954841614,1.5804883241653442,-1.1605925559997559,-0.23400819301605225,0.2765078544616699,0.4392518997192383,-0.6745773553848267,-0.6576550602912903,0.6027365326881409,-0.38479045033454895,-0.417147159576416,-1.3374370336532593,-0.7682716250419617,0.015950286760926247,-0.42032507061958313,-0.28740450739860535,0.6215181350708008,1.8182731866836548,0.4438925087451935,-0.33709198236465454,0.42384639382362366,0.06436362862586975,-0.08624418079853058,-0.193925142288208,0.7046513557434082,0.7305558323860168,2.0365941524505615,-0.5112481117248535,-0.5464820265769958,1.2101962566375732,-0.597460925579071,0.5202898383140564,1.7720595598220825,-1.4454257488250732,-2.2592058181762695,-0.8785941004753113,-1.540897011756897,0.033661674708127975,-0.46371662616729736,-0.6176836490631104,-0.147846519947052,0.3384532332420349,0.011429966427385807,-0.5384547710418701,0.960757315158844,-0.3279986083507538,-0.8049960136413574,-1.76614248752594,1.0325912237167358,0.840053141117096,-0.6794772148132324,1.2507292032241821
amazon-sports.csv,-1.1348474025726318,0.8615531921386719,-0.7451117634773254,0.25493094325065613,0.4234446585178375,0.6237507462501526,0.3656005561351776,0.26417267322540283,-0.46771103143692017,1.7219431400299072,-1.0494288206100464,-1.646398901939392,-1.8059732913970947,0.10678447037935257,-0.5828657150268555,1.7065601348876953,-0.6184254288673401,0.10621745139360428,-0.1119498461484909,-0.15304315090179443,1.9773956537246704,-0.5704004764556885,-0.6417447924613953,0.8253567814826965,0.5697824358940125,-0.6435822248458862,2.5647690296173096,-0.01076473854482174,-0.5262811183929443,0.43622350692749023,0.17443589866161346,-0.6676211357116699,-2.2335686683654785,0.828937828540802,-1.3109198808670044,0.007972965016961098,-0.5340109467506409,0.9307376146316528,-1.914582371711731,-0.03326006978750229,-0.030172936618328094,0.10475923866033554,1.094679832458496,-0.4509614109992981,-0.7517380118370056,-0.41866952180862427,-0.7771530747413635,0.5102977752685547,-0.06305820494890213,-0.629144549369812,-1.4184075593948364,-1.1069797277450562,-1.859550952911377,1.775083065032959,-0.18095068633556366,-0.12011414021253586,-0.5245773792266846,-0.7142035365104675,-1.546933650970459,-0.764171838760376,-1.4714194536209106,0.056604545563459396,1.0210356712341309,-0.6573212742805481,-0.9546200037002563,0.31783556938171387,2.0932981967926025,-1.3058477640151978,0.6047275066375732,-1.1733253002166748,0.27949196100234985,0.40663760900497437,1.7999430894851685,-2.204155445098877,-2.6331989765167236,-0.4921456575393677,-0.814673662185669,0.6331440806388855,-0.17749561369419098,0.638371467590332,1.3277431726455688,0.41301992535591125,-1.8445796966552734,-0.13837741315364838,1.4752309322357178,0.6948445439338684,0.6051813364028931,-1.614914059638977,-0.44388461112976074,-1.0350971221923828,-0.10764427483081818,0.6828221678733826,0.31122025847435,0.1470811367034912,0.8562758564949036,-0.3259279131889343,1.7301725149154663,-1.5993304252624512,0.2705347239971161,0.9856422543525696,-0.60089510679245,-1.3320492506027222,0.7079234719276428,-0.6303956508636475,-0.550350546836853,-0.8192196488380432,-0.7411624193191528,0.8666611909866333,0.7497032284736633,-0.014072064310312271,-0.6457785367965698,-0.01444687694311142,0.5119435787200928,0.8151598572731018,-0.017398834228515625,0.6700946688652039,0.23982329666614532,-0.3217913806438446,-1.948891043663025,-0.42140862345695496,0.08936598896980286,-0.27199193835258484,-1.5205196142196655,1.3738065958023071,0.608772873878479,1.6118789911270142,0.6712163090705872,2.0309135913848877,0.10675054788589478,1.8997538089752197,-1.4096488952636719,2.547069787979126,0.5307194590568542,-1.2658915519714355,-0.5708497762680054,0.7272245287895203,0.6030579209327698,0.6138725876808167,1.2090613842010498,-0.9616749286651611,1.2482054233551025,-0.45930638909339905,-0.7125706672668457,0.8391923308372498,0.84288090467453,0.547834038734436,1.1343114376068115,0.24916483461856842,-0.04608924314379692,0.8409597873687744,-1.271741509437561,1.0311460494995117,-1.765913963317871,0.5398951768875122,-1.9921958446502686,0.7686512470245361,0.5539539456367493,0.4953194260597229,0.21069122850894928,-1.9950273036956787,-0.540645956993103,-0.44988036155700684,0.7887241244316101,-0.6012741327285767,0.7360437512397766,0.632310152053833,1.1732691526412964,-1.7142913341522217,0.07075632363557816,0.08025884628295898,-0.3600062429904938,-0.6048391461372375,0.5503833293914795,0.44103020429611206,1.1692626476287842,-0.8906656503677368,0.8469014167785645,0.9114946722984314,-0.11075637489557266,-0.43063443899154663,1.0495340824127197,-0.628385066986084,-1.1718056201934814,-0.42813488841056824,0.6827033162117004,-1.2561646699905396,0.09830648452043533,-0.9386675357818604,-0.2575914263725281,0.730540931224823,-1.058412790298462,0.5851171016693115,-0.5797642469406128,-0.8216472864151001,-0.8770442605018616,-1.7070176601409912,0.4331980347633362,-0.19378061592578888,0.34591761231422424,1.5358275175094604
amazon-baby.csv,-1.8616994619369507,1.313314437866211,0.6085928082466125,-0.08441060781478882,1.260610818862915,-0.8035508990287781,0.1141853779554367,-0.27497902512550354,0.5861542224884033,2.1031084060668945,-1.3523306846618652,-2.5760562419891357,-0.8424184918403625,-0.25574830174446106,0.29870903491973877,0.8521127700805664,0.7250992655754089,-0.6058457493782043,-0.10168755054473877,-0.535365641117096,-0.41662389039993286,-0.6727656722068787,-1.8134359121322632,1.1003953218460083,0.49840399622917175,-0.8838779330253601,2.794295310974121,0.26077741384506226,0.4766605496406555,2.362079381942749,-0.4213925898075104,0.21573464572429657,-0.20806623995304108,1.1797516345977783,0.8051369190216064,-0.2408999502658844,-0.826697051525116,1.5458476543426514,-0.6296250224113464,1.0836204290390015,0.20907054841518402,0.24834689497947693,-0.7640942335128784,-0.38172680139541626,-0.4556896984577179,0.2368616908788681,0.300942599773407,0.10095036029815674,0.035867609083652496,0.5068791508674622,-0.4271118938922882,-0.6789523363113403,-0.3347960412502289,1.1019803285598755,0.6272618770599365,0.07102616131305695,-0.629768431186676,-2.0491573810577393,-1.6958792209625244,-1.0406560897827148,-1.446418285369873,-0.11946260929107666,1.5806668996810913,-0.23326925933361053,0.41643717885017395,0.16188699007034302,1.058002233505249,-0.439503937959671,0.7558121681213379,0.9899314045906067,0.28912267088890076,-0.7128825783729553,1.942504644393921,-2.1567842960357666,-1.7996301651000977,0.1858544945716858,-0.45567750930786133,0.6996996402740479,1.2357409000396729,-2.1294145584106445,2.272063970565796,1.3044592142105103,-0.8186706900596619,-0.8773866295814514,0.8115954399108887,0.8874950408935547,1.6925160884857178,0.7813835144042969,0.292289137840271,-0.9125100374221802,0.010117917321622372,1.9594447612762451,0.21705567836761475,0.1356818825006485,0.7335535883903503,0.5555040836334229,1.3527318239212036,-1.0961050987243652,0.3542237877845764,0.13608859479427338,-0.8670719861984253,-0.7933900356292725,0.6044096946716309,-0.1568354070186615,-0.28459855914115906,0.06335747987031937,-0.211456760764122,0.7091235518455505,0.5102458596229553,-1.0216299295425415,-1.5745941400527954,-0.3246147036552429,0.3915504217147827,0.8431996703147888,-0.7517147064208984,0.6383762955665588,1.6667400598526,-2.199181318283081,0.11478935927152634,0.20916396379470825,0.5710089802742004,-0.6388834714889526,0.1566067934036255,0.03196392208337784,0.6328654289245605,0.4908950626850128,-0.2567477822303772,1.2469327449798584,0.4689173996448517,1.9584221839904785,-0.9595921039581299,0.17841920256614685,-0.16940616071224213,0.7768341898918152,1.0376214981079102,0.29879605770111084,1.405897855758667,0.6979999542236328,0.4969148635864258,-1.1310031414031982,0.352816641330719,-1.143984317779541,1.6697931289672852,0.6191277503967285,0.1355944275856018,1.2703604698181152,0.9625370502471924,-0.8268313407897949,0.08615496754646301,0.6152459383010864,-1.7706310749053955,0.676345705986023,-0.10336501151323318,1.1159597635269165,0.9009404182434082,-0.2789321839809418,-0.18227307498455048,1.0583407878875732,-1.0687880516052246,-1.2698076963424683,0.8733156323432922,0.21890662610530853,0.3621048927307129,0.8847043514251709,0.5955191850662231,1.6947287321090698,-0.3614836037158966,-1.9124653339385986,1.492388129234314,-0.039054591208696365,1.5093210935592651,-0.003531488822773099,0.05179734528064728,-0.924124538898468,1.067949652671814,-0.8419854044914246,0.23150402307510376,0.013846580870449543,1.8563075065612793,1.3173774480819702,1.137657642364502,-0.9031875133514404,-0.9218974113464355,0.49040284752845764,-0.7301961183547974,0.385727196931839,0.4938914477825165,0.2817496657371521,-1.1233785152435303,1.3063690662384033,1.1227030754089355,-0.4865575134754181,-1.5032728910446167,-1.1470931768417358,-1.1584296226501465,0.607696533203125,1.1537225246429443,-0.5692922472953796,-1.6087422370910645,1.0676177740097046
amazon-beauty.csv,-0.45138657093048096,0.22931355237960815,0.6391233801841736,-0.2134411782026291,-1.4581292867660522,1.229981541633606,1.6447381973266602,0.40231338143348694,-0.937698483467102,1.9697678089141846,-1.4657124280929565,-2.480147123336792,-1.7474671602249146,-0.6986566185951233,0.26759177446365356,1.2324720621109009,0.18814855813980103,-0.5235614776611328,-0.3803582191467285,-0.1479509472846985,0.7936650514602661,-0.2509961426258087,-1.3504778146743774,0.8191928267478943,-1.1905105113983154,-0.9511356353759766,2.338732957839966,-0.017061293125152588,-0.4995429217815399,0.07503514736890793,0.5113108158111572,0.26406246423721313,-0.768791139125824,1.4037556648254395,0.599387526512146,-1.828984022140503,-0.3917617201805115,2.076139211654663,-0.10292253643274307,0.03042634204030037,0.7222750186920166,0.755483865737915,0.7617071270942688,0.19501866400241852,-0.4262996017932892,-0.4751477539539337,-0.6727373003959656,0.399260014295578,0.5595890283584595,-1.5031847953796387,-2.4797937870025635,0.0054504950530827045,-0.3898564875125885,1.5012481212615967,-0.11836335808038712,0.6766486167907715,-0.34214460849761963,-0.08599831908941269,-0.09287650883197784,-1.266921877861023,-0.2791554927825928,-0.05739527568221092,-0.028258327394723892,-1.0709121227264404,-0.5530192255973816,0.5523076057434082,1.7122877836227417,-0.7650254964828491,-1.126047968864441,0.6237815618515015,-0.0939115434885025,-1.0097116231918335,1.5854631662368774,-3.007169723510742,-1.6683326959609985,-0.3969540297985077,-1.15489661693573,1.3253836631774902,0.9614686965942383,1.2274073362350464,1.2553235292434692,-0.008133511990308762,-1.4219515323638916,-0.7965027689933777,1.3698488473892212,-0.7589686512947083,0.8326639533042908,-1.473743200302124,0.469634473323822,-0.6361506581306458,-0.07458523660898209,2.2633838653564453,0.017056094482541084,1.1932733058929443,0.6687114238739014,-0.47670674324035645,0.8907424807548523,0.5504283905029297,-0.1547956019639969,1.3567701578140259,0.20403549075126648,-0.43391045928001404,2.2983920574188232,0.19456921517848969,0.08545288443565369,-0.19590094685554504,-2.051107168197632,0.5468716025352478,0.6380404829978943,0.5515241026878357,-0.5423312187194824,-0.09351133555173874,0.095200315117836,0.4268103539943695,-0.4781683385372162,0.0058798110112547874,0.41408011317253113,-0.9801932573318481,0.7817318439483643,-0.8339231014251709,-0.36487439274787903,0.22358687222003937,-2.049828052520752,0.7988781332969666,1.5215840339660645,0.23319214582443237,-0.10319308936595917,0.459436297416687,0.20767436921596527,1.520390272140503,0.4378458857536316,1.9409538507461548,-0.09641849249601364,-0.4381367266178131,-0.6191455721855164,-0.03406795859336853,1.6961004734039307,0.09146343916654587,1.2939765453338623,-1.6262602806091309,0.18396051228046417,-0.8878841996192932,-0.032721757888793945,0.503001868724823,-0.3778868615627289,1.0266073942184448,0.5395654439926147,0.24154962599277496,-0.034098830074071884,1.8022247552871704,-1.3342235088348389,0.07102130353450775,-1.924943447113037,-0.11402643471956253,-0.5924723744392395,1.5724443197250366,0.5358977317810059,-0.2664623260498047,0.7132264375686646,-1.1726216077804565,-0.6166908144950867,-0.010860857553780079,-0.36660659313201904,-1.072507619857788,0.7451221942901611,-0.5997672080993652,1.3651982545852661,-1.0823612213134766,0.47823068499565125,1.165696620941162,1.309428334236145,0.763982892036438,0.8961952328681946,0.2636803984642029,2.1270487308502197,0.033630575984716415,-0.1689348816871643,0.532368004322052,-0.5084329843521118,0.335847944021225,0.9579129219055176,-0.9006275534629822,-0.8303601145744324,-0.84764564037323,0.33213692903518677,-0.5604051351547241,0.31490233540534973,-0.47549861669540405,-1.3316805362701416,0.7428206205368042,1.0905295610427856,0.7893420457839966,-0.14087539911270142,-1.1170954704284668,0.919858992099762,-0.5278282761573792,2.4423584938049316,-0.7424502968788147,1.58851158618927,0.378890722990036
amazon-instruments.csv,-0.0602121502161026,0.19237294793128967,-0.36191096901893616,0.07640871405601501,-0.6735950708389282,0.26065030694007874,1.9063342809677124,0.08966512978076935,0.37592950463294983,1.7659339904785156,-0.8597230911254883,-1.424749732017517,-2.691176652908325,-0.08958286792039871,-0.9022791981697083,1.1912693977355957,-0.15119308233261108,0.5367087721824646,-1.290347933769226,-0.11612637341022491,0.6969459652900696,-0.45817169547080994,-1.6731678247451782,1.4719645977020264,0.8087989687919617,0.37356987595558167,2.6955814361572266,0.5113429427146912,-1.138198971748352,-0.20826618373394012,-1.1789788007736206,1.1599407196044922,-2.1642978191375732,0.7412112951278687,-1.7884891033172607,-0.05636236444115639,-0.22337892651557922,1.524101734161377,-1.593721628189087,0.9979075789451599,-0.6590555310249329,-0.0950351133942604,-0.15696705877780914,-0.754119873046875,-0.12809810042381287,0.024383867159485817,0.39349260926246643,1.084730863571167,-0.6759132742881775,-1.864378809928894,-1.244083285331726,-1.3852647542953491,-0.265422523021698,0.6354071497917175,0.9757888317108154,-0.3294455409049988,-1.4068645238876343,-0.06061257794499397,-0.985992431640625,-0.8480808734893799,-0.4403281509876251,-1.0082168579101562,0.04419972747564316,-0.38304734230041504,0.2199975550174713,1.719943642616272,2.2651877403259277,-0.46817949414253235,0.3032236099243164,0.2667419910430908,-0.284858763217926,1.254806637763977,1.4739911556243896,-2.4786767959594727,-2.4326765537261963,-0.12129740417003632,-1.3742855787277222,-0.4710046350955963,0.5560561418533325,0.142628476023674,0.9407795071601868,1.2683793306350708,-0.2605857253074646,-1.451632022857666,2.1344053745269775,2.079845905303955,0.8658381700515747,-0.1604873687028885,-0.4099775552749634,-1.853258490562439,-0.738825798034668,1.5697546005249023,-0.21632792055606842,0.14213548600673676,0.40943050384521484,0.22602568566799164,1.3306620121002197,-0.8528321981430054,0.10608864575624466,0.3974463939666748,-0.027977116405963898,-1.0460107326507568,0.009729335084557533,0.8253147602081299,1.1196173429489136,0.018499867990612984,-0.947044312953949,0.4929799735546112,0.3353878855705261,0.482613205909729,-1.4384928941726685,-0.8254227042198181,0.305948942899704,-0.8408920168876648,1.512648344039917,1.041366696357727,1.099888801574707,-1.3369446992874146,-0.948836624622345,0.134357750415802,0.3479957580566406,-0.8453220129013062,-1.567521333694458,0.11880633980035782,0.7041612267494202,1.6931982040405273,0.6623223423957825,0.9605810642242432,0.8795990943908691,1.9312596321105957,0.1625887006521225,2.4448323249816895,-0.11450974643230438,0.03790593892335892,-0.005214822478592396,0.38353413343429565,0.1716519147157669,0.33144477009773254,0.9211894273757935,-0.37918612360954285,0.6838639378547668,-0.19334626197814941,0.8854535818099976,1.2102614641189575,-0.6295792460441589,1.8180718421936035,0.1820598691701889,0.6664116978645325,-0.09277665615081787,1.5319323539733887,-1.445043921470642,0.17430248856544495,0.009120079688727856,-0.18881386518478394,0.6336774230003357,0.08885681629180908,-0.060541972517967224,1.1447124481201172,-0.04162631556391716,-0.7658346891403198,0.08448825031518936,-0.6956086158752441,0.21126528084278107,-0.6000723838806152,1.6889746189117432,1.4045833349227905,1.232925534248352,-1.0288255214691162,0.26024967432022095,0.18037788569927216,0.9824397563934326,0.5460872650146484,0.3024168610572815,0.19807155430316925,1.2083028554916382,-1.2914905548095703,-0.7872037887573242,1.349204182624817,0.20835934579372406,0.8111087679862976,0.34682783484458923,-0.7045144438743591,-1.8886609077453613,-0.33930185437202454,0.04009631648659706,-0.5753942728042603,0.014326982200145721,-1.5673062801361084,0.18584194779396057,-0.090917207300663,0.8758338689804077,0.1570766270160675,-0.09942255914211273,-0.040798865258693695,0.3710160553455353,-0.7433381676673889,1.333768606185913,0.5199765563011169,-0.6620283126831055,1.5906199216842651
jester2.csv,0.12589393556118011,0.2875882089138031,-0.02996661700308323,-0.9813759326934814,0.5496497750282288,0.012359979562461376,0.6429915428161621,0.3406343162059784,-0.4033741354942322,1.872504711151123,-0.8881047964096069,-1.5421562194824219,-1.726036787033081,-0.16872046887874603,0.14744237065315247,-0.036457594484090805,1.8043849468231201,-0.8255088329315186,0.0920482873916626,-0.44433557987213135,1.8644590377807617,-1.723407506942749,-1.0908530950546265,1.6398968696594238,0.7287285327911377,0.41533389687538147,2.09759521484375,-0.8525413274765015,-1.0664533376693726,2.2512264251708984,-0.2498372197151184,0.4464939832687378,-0.5616618990898132,1.2463772296905518,-0.19898569583892822,-1.3898792266845703,-0.30229005217552185,1.632639765739441,-2.5100104808807373,0.6072195172309875,0.4770582914352417,-1.089974045753479,1.7256642580032349,-0.1004340872168541,0.4622611999511719,0.12063436210155487,-0.38609811663627625,1.7423774003982544,-0.8922043442726135,0.5206701159477234,-0.6113008260726929,-1.8946306705474854,-2.3238210678100586,-0.35598695278167725,0.23251132667064667,-0.8722821474075317,0.844730019569397,-0.6788733005523682,-0.04191157966852188,-1.2175830602645874,-0.5475718379020691,0.03596872836351395,0.7735828757286072,-0.7075870037078857,0.129294753074646,1.9356871843338013,1.1014927625656128,-0.8664922118186951,0.19957952201366425,-1.1190253496170044,-2.362530469894409,-0.46502164006233215,1.1839739084243774,-2.7969799041748047,-1.3743430376052856,-1.3231467008590698,-0.49499836564064026,-0.5412811040878296,0.6292874217033386,0.43502989411354065,1.0658223628997803,0.8738346695899963,-1.5406187772750854,-0.5053483247756958,1.7637896537780762,1.4158213138580322,0.7307463884353638,-0.7198653817176819,-0.06926168501377106,-0.470412939786911,0.45550915598869324,0.991911768913269,0.5440736413002014,1.1504318714141846,2.042454719543457,-0.2368500977754593,0.7824000716209412,-0.9578731656074524,-0.01096644252538681,0.14412175118923187,0.625308632850647,-1.055988073348999,1.7176551818847656,-0.6326802372932434,-0.42325061559677124,-1.2909773588180542,-0.5470457077026367,1.6512603759765625,0.5826207995414734,-1.0966166257858276,-0.1440424621105194,-1.9928383827209473,0.05959998816251755,1.830672025680542,-0.15885376930236816,-0.006564014125615358,0.7331500053405762,-2.420011281967163,-0.6158921718597412,0.3464626371860504,-0.3720000386238098,-0.9710505604743958,-0.9108687043190002,0.7693993449211121,0.19977228343486786,1.225961685180664,0.8819660544395447,0.40696269273757935,0.7324023246765137,2.2235195636749268,-0.8618113994598389,0.21161574125289917,0.06584318727254868,0.5425100922584534,-0.9639438986778259,-0.087286077439785,0.7254003286361694,1.5076597929000854,0.8765769004821777,-0.4817414879798889,0.7956931591033936,0.0963878259062767,-0.13312725722789764,1.1610430479049683,-1.085825800895691,0.6051433086395264,1.4446367025375366,-0.4846808612346649,1.2121810913085938,-0.4268127679824829,-0.7090054750442505,0.12065716087818146,-0.622566819190979,0.25227370858192444,0.5081039667129517,0.356585830450058,-1.3639376163482666,0.773685872554779,-0.12661610543727875,-0.6015906929969788,-0.49991360306739807,-0.9582980871200562,-1.001413345336914,0.8431012034416199,1.7519094944000244,1.4224119186401367,0.6168735027313232,-0.9794033169746399,1.1029837131500244,0.12352747470140457,0.4480287730693817,0.2726011574268341,-1.1016168594360352,-0.8521823287010193,0.7534999847412109,-1.4234150648117065,0.3467908799648285,0.7768599390983582,-0.5188196301460266,0.035576097667217255,-1.0822441577911377,0.19927522540092468,-0.5455524921417236,-0.2748566269874573,0.3072151243686676,-0.9697945713996887,-0.2118251919746399,-0.11234110593795776,-0.4205421805381775,1.4876424074172974,0.74737948179245,0.09901800751686096,-0.754648745059967,0.09243222326040268,-0.48354414105415344,-0.791251540184021,1.1625944375991821,0.15264682471752167,-0.47267454862594604,0.27602580189704895
movietweetings_recsys2014.csv,-0.705579400062561,-0.10119412839412689,0.014959435909986496,0.567047119140625,-1.298823356628418,1.6704740524291992,1.6024688482284546,-0.18421845138072968,0.5940868854522705,1.3169634342193604,-1.6299405097961426,-2.0178933143615723,-1.1741857528686523,-0.42049136757850647,1.1155585050582886,0.5216045379638672,0.03671875223517418,-1.0754297971725464,0.758745551109314,-0.3242104649543762,0.9947911500930786,-0.8560993075370789,-0.8082093596458435,1.2521315813064575,0.9303643107414246,-0.8619583249092102,2.2044429779052734,-0.5198510885238647,-0.9637448191642761,-0.03243429586291313,-0.2027047574520111,-0.6226381659507751,-1.5615235567092896,-0.5671405792236328,0.03648329898715019,-1.5910712480545044,0.24750448763370514,1.6249955892562866,-0.2998441159725189,0.9301214218139648,0.37558525800704956,1.1444169282913208,0.5534173846244812,-1.6092175245285034,-0.2454506903886795,0.6149648427963257,-0.3224755823612213,1.0291293859481812,-0.3298340141773224,-0.6178732514381409,0.5605248212814331,0.9393843412399292,-2.0929596424102783,1.1244595050811768,-0.009080784395337105,-0.8759912848472595,-0.7533138394355774,-0.35978877544403076,-0.4305618405342102,0.03593769669532776,-2.121920585632324,-0.29543060064315796,1.0440329313278198,0.3041294813156128,-1.143262267112732,0.016436707228422165,0.8824953436851501,-1.4420415163040161,0.8649860620498657,-0.07782047241926193,-1.260775089263916,1.1406875848770142,2.347276449203491,-2.4635748863220215,-0.6361128091812134,-0.653986930847168,-1.372064232826233,1.1508444547653198,0.29401081800460815,1.121304988861084,1.2071259021759033,1.5149548053741455,-2.156062364578247,-0.3957170248031616,1.4935518503189087,-0.04188880696892738,0.684640645980835,-0.8491266965866089,-0.7410128116607666,-0.29170289635658264,0.7591320276260376,0.9370515942573547,-0.10741943120956421,-0.6079883575439453,0.355342298746109,0.05628881976008415,1.7558883428573608,0.19527383148670197,-1.0197134017944336,-0.5397394895553589,-0.9572699069976807,-0.6502454876899719,1.7605149745941162,0.19324922561645508,1.704563856124878,-1.0282363891601562,-1.044319987297058,1.2452696561813354,1.4480853080749512,-0.471077024936676,-0.5791394114494324,-1.958811640739441,1.5753862857818604,-0.4964405298233032,-0.4699116349220276,-0.07278764247894287,0.40246719121932983,-2.370337724685669,-0.025794735178351402,-0.4680909812450409,-0.5823634266853333,-0.5472896695137024,-1.5465726852416992,0.1408567726612091,1.0899503231048584,2.0758402347564697,-0.5123218894004822,1.1816412210464478,0.5126366019248962,0.45527294278144836,-0.6629099249839783,1.8263181447982788,-1.1726305484771729,0.4874280095100403,-0.03034359961748123,-0.27155354619026184,0.7536503672599792,0.2579265832901001,-0.8441995978355408,-1.3887228965759277,0.8574255108833313,-0.5641272068023682,0.03721810504794121,1.817682147026062,-0.26772192120552063,1.3542131185531616,1.8917607069015503,0.1866348832845688,0.8443995714187622,1.14198899269104,-0.33682456612586975,-0.5781447291374207,-1.1369515657424927,-0.5856679677963257,0.5081611275672913,0.1028599664568901,-0.22208696603775024,-1.1796003580093384,1.481022596359253,-2.2468948364257812,0.2572813034057617,0.014162580482661724,-0.29011479020118713,-0.340742290019989,-0.2014341652393341,0.9164993166923523,1.2451106309890747,-1.8265107870101929,0.4652923047542572,0.2275097668170929,1.1866731643676758,-0.6897962093353271,1.5532479286193848,0.40508928894996643,0.493048757314682,-1.0945442914962769,-0.42387446761131287,-0.12560375034809113,0.8706179261207581,1.008324384689331,-0.25117045640945435,-0.5863540172576904,-1.6311527490615845,-0.06781509518623352,-0.328574001789093,-0.5443481802940369,-0.7776923775672913,-0.40720072388648987,-0.44541847705841064,0.4143269658088684,-0.2870989441871643,0.3622724413871765,0.6343884468078613,-0.33274105191230774,-0.6402574181556702,-0.4995892643928528,1.4681005477905273,1.0901720523834229,-0.6856151819229126,0.07152458280324936
amazon-digital-music.csv,-1.2307868003845215,-0.4033588469028473,-0.999745786190033,-0.32948043942451477,0.7520197629928589,-0.0030321143567562103,0.12624996900558472,0.4249897003173828,0.5884526968002319,1.106324315071106,-1.2439812421798706,-2.9408206939697266,-1.3344491720199585,0.5375016331672668,-0.5975441932678223,1.0913289785385132,-0.3257766366004944,-0.3840451240539551,0.7028788924217224,-1.1274422407150269,0.37143006920814514,-0.2554911971092224,-1.3631246089935303,1.2606890201568604,0.2380208969116211,-1.1519724130630493,3.0915281772613525,-0.3147350251674652,0.002630008151754737,-0.01737552136182785,-0.5113670229911804,0.2467622458934784,-1.2818433046340942,0.4924628436565399,0.4465799331665039,-1.3315372467041016,0.09164375066757202,1.2988297939300537,0.8524825572967529,1.0903726816177368,-0.19375574588775635,0.7418391704559326,-0.31331345438957214,-0.8956077694892883,0.46744322776794434,-1.2488360404968262,0.4928774833679199,0.2471340149641037,-0.7898768186569214,-0.32255303859710693,-1.8124852180480957,0.39048147201538086,-0.7369454503059387,1.5170975923538208,-1.1861817836761475,-0.39018505811691284,-0.5249993205070496,-0.29108941555023193,-1.3735297918319702,-0.5780000686645508,-0.5940589308738708,0.7961543202400208,0.5962308645248413,0.08218763768672943,-0.120873361825943,1.9909640550613403,-0.33139437437057495,0.07367117702960968,0.03909817337989807,-1.614549994468689,-1.5488841533660889,-0.10693798959255219,1.8331657648086548,-1.8152079582214355,-2.6997194290161133,-0.33078575134277344,-1.2455227375030518,0.3141634464263916,-0.5635327696800232,0.32506871223449707,2.320173501968384,1.7478525638580322,0.09476746618747711,-1.9144448041915894,2.200763702392578,0.12264516204595566,0.6378080248832703,-0.6915810704231262,0.2014579325914383,-0.026315929368138313,0.41532549262046814,0.7849016189575195,0.9378706812858582,-0.703869104385376,0.33416256308555603,-0.7469464540481567,-0.40462198853492737,-0.22287964820861816,-0.4917200803756714,-0.8302675485610962,-0.06432104110717773,-2.1466245651245117,0.6962786316871643,-0.36716318130493164,0.032154861837625504,-1.1048080921173096,0.03272223845124245,-1.288271188735962,0.8941485285758972,0.10881783068180084,1.122793436050415,0.3806737959384918,1.0738637447357178,0.6979418992996216,0.8299179077148438,0.3431304693222046,0.5494738817214966,-1.9559979438781738,-0.9323854446411133,0.1610381007194519,0.45699816942214966,-0.5423019528388977,-1.4757659435272217,-0.07478653639554977,-0.001197934616357088,1.5544790029525757,1.4300752878189087,1.4423954486846924,-0.5406768918037415,0.6542239189147949,-0.8737937211990356,0.6407248973846436,0.8560335040092468,-0.264906108379364,-1.2116899490356445,0.024057956412434578,2.2614059448242188,0.7353401184082031,0.915239155292511,0.053655531257390976,0.1848539263010025,0.998347282409668,0.8155996799468994,0.6944796442985535,-1.5122323036193848,0.20748291909694672,0.2855231463909149,-1.3242124319076538,1.562426209449768,0.8196890950202942,-1.7298212051391602,1.2159825563430786,-0.2512297034263611,0.8511218428611755,-0.25133538246154785,0.583437442779541,0.07593487203121185,0.5184211730957031,0.5521075129508972,-1.0913342237472534,0.5088070631027222,-0.6025869846343994,-0.4748459756374359,0.5127648115158081,0.31594106554985046,0.04938773065805435,0.11182177811861038,-1.3550188541412354,0.08214598894119263,1.6486529111862183,0.9325839281082153,-0.5702746510505676,-0.30556780099868774,0.5740631222724915,1.820596694946289,-1.062426209449768,-1.0120853185653687,-0.37969595193862915,-1.5302387475967407,-0.4427374601364136,0.17871755361557007,0.18552115559577942,-1.9882917404174805,-0.38771718740463257,0.6945708394050598,0.07567710429430008,1.27488374710083,-0.5033451914787292,-1.8970520496368408,0.7661074995994568,0.03848028928041458,-0.9710019826889038,0.2348906546831131,-0.8777967095375061,0.1824018657207489,-2.199376344680786,1.8956034183502197,0.8114476799964905,-0.31582969427108765,1.2392468452453613
yahoo-movies.csv,-0.9810880422592163,0.16390764713287354,0.1987779289484024,0.5069664120674133,0.6293154358863831,1.2457109689712524,1.1494616270065308,-0.14697158336639404,-0.8785086274147034,1.280200719833374,-0.3120141923427582,-1.7837849855422974,-0.7036134600639343,0.09730400145053864,0.8570227026939392,-0.2294614315032959,0.894809901714325,-2.0736169815063477,0.11837448179721832,-1.0438807010650635,0.7744737267494202,-0.4954413175582886,0.0026627019979059696,1.5504664182662964,-0.524405300617218,-1.1696337461471558,1.550505518913269,-0.1942080408334732,-2.7451517581939697,-0.11655164510011673,0.5971758961677551,0.4571667015552521,-0.8715542554855347,1.0295870304107666,-0.09332577884197235,-0.3103635907173157,-0.5856860876083374,1.913413405418396,-0.39559003710746765,0.23814274370670319,-0.4466147720813751,-0.5287581086158752,0.20561067759990692,0.6565755605697632,-0.6024845242500305,-0.1647350788116455,-0.4271901845932007,1.7025723457336426,-1.10390043258667,0.7220767140388489,-1.8077576160430908,0.8512957096099854,-1.3698697090148926,1.655964732170105,-0.1121169775724411,-0.5194922089576721,-0.07716665416955948,-0.28712210059165955,-1.3540689945220947,-1.2912715673446655,-1.4653563499450684,0.1562134176492691,0.4231385588645935,0.0044318558648228645,-0.954211413860321,1.2982196807861328,0.5035648345947266,-0.1268429160118103,0.45772263407707214,-1.2430390119552612,0.05029905587434769,-0.44019919633865356,1.8696719408035278,-2.3424131870269775,-1.3714587688446045,-0.5344666838645935,-0.6713709831237793,-0.2593577206134796,0.2849254608154297,0.6977447867393494,0.9167650938034058,2.3233494758605957,-1.0706270933151245,-1.2982769012451172,0.22196008265018463,0.6060013771057129,-0.18060359358787537,-0.38607755303382874,0.3791493773460388,-1.7201865911483765,-0.4954597055912018,1.8017725944519043,-0.951856255531311,-1.2669460773468018,0.7102171778678894,0.28543469309806824,0.17272602021694183,-0.6955393552780151,1.2328605651855469,-0.6806685924530029,0.5295946002006531,-1.4311884641647339,0.14162331819534302,-0.061172034591436386,1.1900581121444702,-0.8906224370002747,-0.5863462090492249,0.3579021096229553,0.0654941275715828,-0.9348067045211792,-2.1617438793182373,0.21474184095859528,0.19602911174297333,1.2408325672149658,0.6026735305786133,-1.0364902019500732,1.0536969900131226,-1.525930643081665,-0.7308688163757324,0.2911757230758667,-0.0747959241271019,0.3353872299194336,-1.2207670211791992,0.04473636671900749,1.5404633283615112,2.450218677520752,-0.20052066445350647,0.5298407673835754,0.5283899307250977,2.185032606124878,-0.7614965438842773,1.0626094341278076,0.17113669216632843,0.3236473500728607,-0.28346556425094604,-0.35750555992126465,1.687286138534546,2.0739612579345703,0.06297098100185394,-1.6041537523269653,0.4415822923183441,0.1094290167093277,0.5176759958267212,1.6881141662597656,-1.2767157554626465,0.10427409410476685,0.2063525915145874,-0.09393134713172913,-0.5236144661903381,1.5714693069458008,-1.0674811601638794,-0.05571860074996948,0.1961577832698822,-0.35775643587112427,0.8958581686019897,-0.11526475846767426,0.004708265885710716,0.6025112271308899,-0.627591073513031,0.47678789496421814,0.6543580293655396,1.2575457096099854,-0.14080092310905457,0.3054233491420746,2.2282283306121826,0.5774995684623718,1.0656912326812744,-0.8122358322143555,0.6630289554595947,-0.16348767280578613,1.4512234926223755,-0.12809835374355316,-1.210336446762085,-0.3744755685329437,0.8971284627914429,-0.3423492908477783,-0.8452061414718628,0.5098975300788879,0.5458535552024841,1.013706922531128,1.2770975828170776,-0.4243282973766327,-2.1412699222564697,-0.23530785739421844,0.28852593898773193,0.6334167718887329,-0.7376887798309326,-2.154170274734497,-0.30959951877593994,1.2376586198806763,-0.4935005307197571,1.336644172668457,-0.44862380623817444,-1.0620760917663574,-0.4665769934654236,-1.4921256303787231,1.7289915084838867,-0.03518705442547798,-0.9007456302642822,2.24522066116333
amazon-cd.csv,-1.0880258083343506,1.6893519163131714,0.006228508427739143,-0.03605080768465996,-0.4100264310836792,0.6606015563011169,0.5528145432472229,-0.18738289177417755,-1.5751787424087524,1.203729271888733,-2.643244504928589,-0.9537020325660706,-0.31377190351486206,-0.03554375097155571,-0.6722591519355774,0.13923834264278412,-0.5510287880897522,-0.671940267086029,1.183862566947937,0.009339360520243645,1.0652074813842773,-0.7613228559494019,0.835074245929718,3.068746566772461,1.3472381830215454,-0.21685126423835754,0.5838059782981873,0.9672257900238037,-1.3580503463745117,0.34811273217201233,0.7864360213279724,0.12617573142051697,0.24024584889411926,0.3434709310531616,-0.8737794160842896,-0.49534663558006287,0.08452525734901428,1.3731627464294434,-1.7720098495483398,0.876600980758667,-0.03559106960892677,-0.1003301590681076,2.2892332077026367,0.1340988725423813,0.26715928316116333,-1.1176193952560425,-1.0702171325683594,0.49439799785614014,-0.18349048495292664,-1.453677773475647,-0.28986260294914246,-0.7578849196434021,-1.4150094985961914,0.49145305156707764,-0.49663010239601135,0.47099730372428894,-1.7494885921478271,0.037290025502443314,-1.7843228578567505,-0.7231060862541199,0.4628331959247589,0.3374840021133423,0.2150096446275711,0.10614684969186783,0.13773113489151,1.3871244192123413,1.4530974626541138,-0.05004138872027397,-1.923686146736145,-0.6067487597465515,0.21215158700942993,0.9872527718544006,2.2693750858306885,-2.9624862670898438,-1.8190760612487793,-1.3583647012710571,-1.1879487037658691,1.7313271760940552,0.3461735248565674,-0.7539646029472351,2.2276413440704346,0.6075276732444763,-1.5533185005187988,-0.9893625974655151,2.019533157348633,-0.2368527352809906,0.9092338681221008,-0.9347975850105286,-0.7051035761833191,-1.3348596096038818,-0.5266485214233398,1.0203276872634888,0.14748328924179077,-0.5530243515968323,0.8432697653770447,-0.20074838399887085,0.809723436832428,-0.1880091428756714,-0.018203748390078545,0.45134180784225464,0.21158206462860107,-0.8499385714530945,0.7478843331336975,-0.15844853222370148,-0.2809964716434479,-1.699141025543213,-1.9900513887405396,1.0355885028839111,-0.013688715174794197,0.16452938318252563,-1.140733003616333,-0.5314767360687256,1.8133383989334106,-0.23771396279335022,-0.20272871851921082,-0.13165107369422913,0.5212701559066772,-1.771425485610962,0.08545223623514175,-0.1657804697751999,-0.11219295859336853,-0.7506026029586792,-1.2542208433151245,1.274603247642517,-0.44700947403907776,1.0964628458023071,-1.397255301475525,1.5259841680526733,1.1665815114974976,0.7207069396972656,-0.7874125838279724,2.1121983528137207,-0.7834429144859314,-0.07431517541408539,-0.012770107015967369,0.9844032526016235,1.5021575689315796,0.7215231657028198,0.5570250153541565,-0.18758812546730042,0.8348467946052551,0.29771533608436584,-0.2562558352947235,0.6344982981681824,-0.8360095620155334,0.5257307291030884,1.5360260009765625,-1.1575839519500732,-0.45529595017433167,1.2806026935577393,-1.7990233898162842,0.7897864580154419,-1.7588685750961304,0.08937875181436539,-0.5128152966499329,1.0408082008361816,-0.48262664675712585,0.18598365783691406,-0.11687838286161423,0.10822295397520065,-0.027916105464100838,-1.0598794221878052,0.2594878077507019,-0.13684552907943726,0.9205793738365173,1.1398199796676636,0.23309782147407532,-1.9451427459716797,0.29594776034355164,0.5019217729568481,1.0378645658493042,-0.5602694153785706,0.9630333185195923,0.38046765327453613,0.6185034513473511,0.3057708144187927,-0.5053651332855225,0.17828255891799927,-0.11024816334247589,-0.3792102634906769,1.3678691387176514,-0.817236602306366,-1.6180009841918945,-1.2387830018997192,0.4965510964393616,-0.8686570525169373,-0.2573809325695038,-0.034146733582019806,-0.926584005355835,0.5154908895492554,-0.38088253140449524,0.4675995111465454,-0.8559806942939758,-1.034671664237976,0.34785616397857666,-0.1532866358757019,1.454719066619873,1.3287972211837769,0.18963001668453217,0.6768941283226013
amazon-instant-video.csv,-0.5632033944129944,1.5053681135177612,-1.3280593156814575,-0.7250191569328308,-1.2214341163635254,0.31522804498672485,1.040981411933899,1.0882437229156494,0.6110048890113831,0.7992571592330933,-1.035512924194336,-2.753444194793701,-1.1594772338867188,0.002043040469288826,-0.07867535948753357,0.39123520255088806,-0.38284575939178467,0.18942128121852875,-0.2375345528125763,-0.6780386567115784,0.30175596475601196,-1.4787852764129639,0.7237111330032349,1.5091314315795898,-0.3108854293823242,-1.116568684577942,1.944726586341858,0.4359264671802521,-1.3291820287704468,1.330068588256836,-0.04100362956523895,-0.0199300367385149,-1.5265215635299683,0.7705814242362976,-0.7818023562431335,-0.9915565252304077,-0.3142853081226349,1.2876673936843872,-1.2487729787826538,0.8348358273506165,0.07754702121019363,-0.029524527490139008,1.8851349353790283,-0.013163256458938122,0.9802991151809692,-0.3711884617805481,-0.7638645768165588,2.328930377960205,-0.11736364662647247,-0.1701115220785141,-1.4947513341903687,-1.302178144454956,-1.0861116647720337,0.26615023612976074,0.10794274508953094,0.2660576403141022,-2.113677501678467,1.003665566444397,-1.6005382537841797,-1.0053658485412598,-0.4308907687664032,0.12339594960212708,0.44551143050193787,-0.6542912125587463,-0.24802371859550476,1.5914486646652222,0.9976388812065125,-1.046194076538086,0.05996422842144966,0.8589332699775696,-0.1489473134279251,0.30277952551841736,1.6282317638397217,-2.5714974403381348,-2.109544038772583,-0.3297160267829895,-1.989076018333435,0.8072371482849121,-0.42886292934417725,1.3720462322235107,1.6877187490463257,0.9578149914741516,-2.625561237335205,-0.7921903133392334,0.7876637578010559,0.6689413785934448,1.3597394227981567,-1.4450767040252686,-0.7115862369537354,-0.7341795563697815,-0.8078570365905762,0.8442084193229675,0.13407422602176666,-0.8709668517112732,0.5971620082855225,-1.0823707580566406,0.383272260427475,-1.9021971225738525,0.751552164554596,0.4838654696941376,0.20755212008953094,-0.4126679003238678,1.2990999221801758,0.5232560634613037,0.3483564853668213,-0.33935853838920593,-0.3904471695423126,0.8960329294204712,0.2671986520290375,0.35669583082199097,-1.280055284500122,-2.0594542026519775,-0.3031407296657562,0.18858273327350616,1.062103271484375,-0.13226449489593506,-0.319571852684021,-1.8150945901870728,0.19258885085582733,-0.03465916961431503,0.2883908748626709,-1.1493840217590332,-1.4252055883407593,1.7070380449295044,-0.18615034222602844,0.8581047654151917,0.5274885892868042,1.3637895584106445,0.19677427411079407,1.5773319005966187,0.08024681359529495,1.8444936275482178,-0.26561734080314636,0.6152926683425903,0.5584189891815186,0.5708089470863342,0.3960739076137543,0.3274613320827484,1.249165415763855,-0.3521762788295746,-0.08620782941579819,-0.7625347971916199,1.3384522199630737,0.6834332942962646,-0.6734247803688049,0.006283200811594725,1.1831631660461426,-0.07164479047060013,1.8350214958190918,1.014302372932434,-0.3733554780483246,0.7506027817726135,-1.3228404521942139,0.36139246821403503,0.49180999398231506,-0.25250545144081116,0.37523478269577026,1.2670387029647827,0.969668984413147,-0.7177230715751648,1.5558035373687744,0.04143545404076576,-1.2360678911209106,-0.24942824244499207,-0.1930047571659088,-0.7605614066123962,-0.15122151374816895,-1.6493481397628784,-0.07331772893667221,0.43642011284828186,0.9412211179733276,0.12004584819078445,1.598600149154663,-0.7297632098197937,0.7735673785209656,-1.370603084564209,0.2969338893890381,1.8286799192428589,-0.3284176290035248,0.9520193934440613,0.4686555862426758,0.8121141195297241,-1.6416083574295044,-0.678158700466156,-0.843490481376648,-1.1514116525650024,0.6534553170204163,-0.3812004625797272,-0.8273072838783264,1.085333228111267,0.10103920847177505,-0.5175614356994629,-0.7247390151023865,-1.2135564088821411,-0.6681393384933472,-1.029686689376831,0.8714500665664673,0.1595515012741089,-0.261909157037735,0.5334040522575378
yelp.csv,-2.1685986518859863,0.14885060489177704,-0.693936824798584,0.6651650667190552,-0.5504665374755859,0.8792359828948975,0.4838141202926636,-0.10539472848176956,0.37238091230392456,1.0097984075546265,-1.9596469402313232,-1.9644118547439575,-1.4613598585128784,0.03161017969250679,0.8379077911376953,0.41958099603652954,0.03996143862605095,-1.091483473777771,0.8816746473312378,0.6964815258979797,-0.8069508075714111,0.40021803975105286,-0.029260575771331787,1.0673611164093018,1.1005821228027344,-0.28092631697654724,2.2459397315979004,-0.5345176458358765,-1.3675971031188965,1.2836546897888184,0.18032564222812653,-1.4430334568023682,0.02594725973904133,0.12266268581151962,0.052767276763916016,-0.9758986234664917,0.0048627788200974464,2.1161282062530518,-0.6048530340194702,0.11941713094711304,0.988362193107605,-0.4481748938560486,1.1260391473770142,-0.7708893418312073,-0.35703426599502563,0.053569938987493515,-1.1859666109085083,0.44320181012153625,-0.11889779567718506,0.13921301066875458,-0.33720916509628296,0.2044147104024887,-1.8802213668823242,0.9566318392753601,-0.7619925141334534,1.3371614217758179,0.5726773738861084,-0.2684915065765381,-0.29099783301353455,0.3700699508190155,-0.27595221996307373,0.03344201296567917,0.6247049570083618,-1.1178889274597168,0.22780172526836395,-0.045153532177209854,0.3156426250934601,-0.6667791604995728,0.5025490522384644,0.5264430046081543,-1.0376887321472168,-0.3695119619369507,2.693650960922241,-1.76338529586792,-2.6341118812561035,-0.14394612610340118,0.21000610291957855,1.2193386554718018,0.04835539683699608,-0.7805373072624207,1.866203784942627,1.0195741653442383,-2.030060291290283,-0.9281777143478394,0.14758126437664032,-0.5865340828895569,1.4053133726119995,-0.07551486790180206,0.022861063480377197,-0.635610044002533,-0.012599252164363861,1.8117787837982178,0.2636001706123352,0.5013158321380615,0.3993126451969147,0.0332576185464859,1.5698213577270508,-0.577625572681427,0.8285887837409973,-0.07524244487285614,-0.6376851797103882,-0.804440438747406,0.9082124829292297,0.04741508886218071,-0.6479706168174744,-1.0577442646026611,0.11127876490354538,0.723820149898529,0.12986688315868378,-0.0914236307144165,-1.2570997476577759,-0.8457391858100891,0.5486509203910828,1.1028059720993042,0.7396883964538574,0.5279181599617004,0.8073846697807312,-0.048025526106357574,0.6522364616394043,0.6037318110466003,-0.09138543158769608,0.6931361556053162,-1.9008138179779053,-0.3056914210319519,0.9176259636878967,2.029668092727661,-0.06485025584697723,1.8036751747131348,2.945800304412842,2.583975315093994,-1.8235750198364258,1.6395553350448608,-0.8312541842460632,-0.35139718651771545,-0.064687080681324,0.24048423767089844,-0.48527947068214417,1.317739486694336,0.5743994116783142,-0.40449365973472595,1.0842454433441162,-0.5597153306007385,1.6085162162780762,1.2085424661636353,-1.320235013961792,-0.038330718874931335,1.1763743162155151,-0.842461347579956,-0.01741337962448597,0.20784015953540802,-1.944811224937439,-0.07200194895267487,-0.3833954334259033,-0.24269503355026245,0.5219087600708008,0.3729117512702942,0.03307880461215973,-0.5456698536872864,1.1896686553955078,-0.6201128363609314,0.22952237725257874,-0.09574244171380997,0.631325364112854,0.6997876167297363,0.3397887945175171,-0.10948104411363602,0.057510554790496826,-1.972809076309204,2.0607712268829346,-0.22159536182880402,0.7441400289535522,0.6543890833854675,1.6282222270965576,-1.0007140636444092,1.5818562507629395,-0.8696923851966858,0.5416383743286133,0.3572844862937927,0.04184100031852722,0.30104315280914307,1.0008997917175293,0.42628613114356995,-0.4892391264438629,-2.0486245155334473,1.7162549495697021,-0.3555224537849426,-0.6049334406852722,-0.7085925340652466,-1.1105972528457642,2.138248920440674,0.4254911541938782,-0.7383973598480225,-0.6193633079528809,-1.1625386476516724,0.8710691332817078,-0.033279478549957275,0.24987396597862244,-0.2547564208507538,-0.3085595369338989,1.9067353010177612
amazon-phones.csv,0.036094557493925095,-0.27824366092681885,-0.8947579264640808,0.0760883092880249,0.5203192830085754,-0.07040294259786606,1.5774996280670166,0.7241308093070984,-0.023571999743580818,1.5610295534133911,0.02701900154352188,-2.6051573753356934,-0.6752840280532837,-1.1978226900100708,-0.8359524607658386,0.9510093927383423,0.9222005605697632,-0.6494563221931458,0.7608973979949951,0.15909230709075928,0.8167494535446167,-0.34529057145118713,-1.3922157287597656,2.118892192840576,-0.7646151781082153,-0.7204894423484802,2.2089807987213135,-0.20607976615428925,-1.3924206495285034,0.01717618852853775,-1.1325234174728394,0.8633880019187927,-1.2117923498153687,0.4850512146949768,-0.01310851238667965,-0.5649140477180481,-0.11029684543609619,0.979006290435791,-0.23703449964523315,0.2750151753425598,0.8951156735420227,-0.3456111252307892,-0.17345915734767914,0.3427356779575348,-0.21500495076179504,0.949547290802002,-1.0185686349868774,1.4751931428909302,0.41342389583587646,0.24328075349330902,-0.5891607999801636,-1.426369309425354,-1.758602261543274,1.2785710096359253,-0.08847697824239731,0.36414724588394165,0.08593647927045822,-0.3374781310558319,-1.197060465812683,-0.4957256615161896,-1.0094616413116455,-0.34485605359077454,0.9897994995117188,-0.2879190146923065,-0.5256026387214661,1.0653938055038452,0.4343654215335846,-2.2153732776641846,0.23973138630390167,-0.3069680333137512,0.2670534551143646,-0.13184696435928345,2.0627245903015137,-2.5006229877471924,-1.8965978622436523,-0.2081461101770401,-0.4946753978729248,0.20491011440753937,0.9938353300094604,-0.518011212348938,0.9381243586540222,0.5983364582061768,0.58907151222229,-1.2063313722610474,0.8874884247779846,1.0236097574234009,-0.15451815724372864,-0.4858700931072235,-0.3163943886756897,-0.3907316029071808,0.4328898787498474,1.3443570137023926,-0.9584248065948486,0.2644071578979492,0.350758820772171,-0.14844956994056702,0.9585615396499634,-0.12457757443189621,1.2210580110549927,-0.375729501247406,0.3922204375267029,-0.16736596822738647,1.7925121784210205,1.3905808925628662,0.31803926825523376,-1.2027314901351929,-1.45138680934906,2.042156219482422,1.0136703252792358,-0.16090033948421478,-0.2684279978275299,-0.0260262880474329,0.6163738965988159,0.7818408012390137,1.5373809337615967,-0.7146289348602295,1.3639057874679565,-2.0108439922332764,-1.5510369539260864,0.6709293127059937,-0.940631091594696,-1.1151182651519775,-0.5770007371902466,0.4506150484085083,1.3208962678909302,1.2747987508773804,-0.26009103655815125,0.43799304962158203,1.4321995973587036,1.538429617881775,0.15734051167964935,1.2663756608963013,-0.13848009705543518,0.3868723511695862,-0.04035269841551781,-0.573130190372467,-0.10428369790315628,0.7440915703773499,1.0932265520095825,-0.5427727103233337,1.8542989492416382,-1.204734444618225,1.2829798460006714,0.45907679200172424,-1.0166383981704712,1.2539836168289185,1.463725209236145,1.437943696975708,0.4356440305709839,0.4729469120502472,-1.3880374431610107,0.09259747713804245,0.6938195824623108,0.2981908619403839,0.7932195067405701,0.9549188017845154,0.46578291058540344,0.6971325874328613,-1.189515233039856,0.0982435941696167,0.6408957839012146,-0.1307113915681839,0.822510302066803,-0.46782657504081726,0.3715473711490631,0.048466622829437256,1.368792176246643,-2.1242873668670654,1.1023443937301636,1.5507291555404663,1.4120279550552368,0.19801095128059387,0.43781039118766785,-0.37215951085090637,-0.5036360025405884,-0.6761704087257385,-0.4131641685962677,1.4008843898773193,0.6116202473640442,0.5815628170967102,0.23146164417266846,-1.3492107391357422,-1.9159905910491943,-0.8814123868942261,0.7183610796928406,0.8962172865867615,1.1004211902618408,-0.47998079657554626,-3.049285411834717,1.4547022581100464,0.024875128641724586,1.2749172449111938,0.5879082679748535,-0.47478750348091125,-0.21665158867835999,-1.627037763595581,1.40371572971344,1.4661346673965454,-0.8731657862663269,1.0285090208053589
amazon-home.csv,-0.6467776894569397,-0.024684544652700424,0.46007224917411804,-0.7007450461387634,-0.93083655834198,0.018105877563357353,1.8444727659225464,0.3556421101093292,0.543716311454773,0.9955313801765442,-0.9925196766853333,-1.721805214881897,-1.2731919288635254,-0.6659347414970398,0.5238646268844604,0.21164070069789886,-0.5752279162406921,-2.0455098152160645,-0.4855566918849945,-1.2634629011154175,0.5962603688240051,0.4979814291000366,-1.0806000232696533,-0.4037574827671051,0.8728875517845154,-0.6588478684425354,2.6952450275421143,-0.14657172560691833,-0.9479808211326599,0.363357812166214,0.6153215765953064,0.9580923914909363,-0.005384224001318216,1.126698613166809,-0.4091896712779999,-0.47824904322624207,0.11816846579313278,1.9449540376663208,-0.7998273968696594,1.125942349433899,-0.2923146188259125,0.17279528081417084,0.9103074669837952,0.716629147529602,0.5224480032920837,0.4790273904800415,-1.9583932161331177,0.6870090961456299,-0.13632310926914215,-0.9503920078277588,-0.903670608997345,-1.2245835065841675,-2.067035436630249,-0.7121770977973938,0.4082326591014862,0.22397799789905548,-1.2506011724472046,0.2716154158115387,-1.2388408184051514,-0.9019782543182373,-1.0357931852340698,-0.3052195906639099,-0.09447944164276123,-1.6260020732879639,0.8870821595191956,1.1329113245010376,1.1427894830703735,-2.5492923259735107,0.26292839646339417,0.7157076597213745,-0.1426851600408554,0.4309999346733093,1.8735684156417847,-2.5130350589752197,-1.2559930086135864,-0.12225135415792465,-1.5961437225341797,0.05737946182489395,0.3008461892604828,0.2897370159626007,2.557581663131714,0.5569490790367126,-0.623453676700592,-1.7698701620101929,0.7405537962913513,0.5667639374732971,1.423447847366333,-1.1952674388885498,-0.4519122838973999,-2.0070455074310303,0.9558295011520386,1.3847907781600952,-1.4026402235031128,0.8785843849182129,0.20551516115665436,0.10202710330486298,-0.033404432237148285,-0.8883381485939026,-0.20814718306064606,-0.30598369240760803,-0.9363372325897217,-0.18561074137687683,-0.1049518808722496,0.10960952937602997,-0.343416303396225,-0.5591553449630737,-1.3744550943374634,-0.158137246966362,0.46891459822654724,0.16516686975955963,-0.5547596216201782,-1.399409532546997,0.7013133764266968,2.5775129795074463,0.5366138219833374,0.5637640357017517,1.375450849533081,-0.6874216198921204,0.3570069372653961,0.5435147881507874,0.27318790555000305,0.7225456833839417,-1.5762873888015747,0.533137321472168,1.0849759578704834,0.9975394010543823,2.2710394859313965,0.5070241093635559,1.015053629875183,2.4490647315979004,-0.15675552189350128,1.834749698638916,-0.5520029067993164,-0.27505114674568176,0.11072143167257309,-0.13116143643856049,0.9288877844810486,1.1852363348007202,0.45356428623199463,-0.34390947222709656,-0.21424174308776855,1.0610527992248535,0.1866132915019989,0.7177820205688477,-0.5257014632225037,1.8483930826187134,-0.37751504778862,-0.5682455897331238,0.7148565053939819,1.2397055625915527,-2.1239333152770996,0.8700399398803711,-0.6934633255004883,0.6393251419067383,-0.7171694040298462,0.4764916002750397,-1.3854713439941406,1.1122552156448364,1.418524980545044,-0.728154182434082,0.5893583297729492,-0.47274431586265564,0.3143806755542755,-0.6855440735816956,0.15247774124145508,0.8628444075584412,-0.23148497939109802,-0.295681893825531,-0.11651948094367981,0.5735206007957458,1.0612115859985352,-0.7747122049331665,1.136808156967163,0.09191962331533432,1.3968714475631714,-0.2668541669845581,-1.3200881481170654,0.4041884243488312,-0.5587425231933594,1.3050943613052368,0.5984799265861511,-0.15848766267299652,-2.2627193927764893,-0.6668176651000977,0.7402803897857666,-0.8599885106086731,0.521373987197876,0.18468159437179565,-0.4255515933036804,-0.6743463277816772,1.0193836688995361,0.26417866349220276,0.126628115773201,-1.1041918992996216,-0.21605421602725983,-1.3022347688674927,0.6489912271499634,0.14790786802768707,-0.1704327017068863,1.5784838199615479
flixter.csv,0.5529167056083679,0.6099565625190735,-0.7211142778396606,-0.4033167064189911,0.29280370473861694,1.0608645677566528,0.4976165294647217,1.0336345434188843,0.5421021580696106,0.5170430541038513,-1.779207468032837,-1.934114933013916,-2.286710262298584,0.8943600058555603,0.4945942163467407,0.8343666791915894,1.1937298774719238,-0.05914110690355301,0.691591739654541,0.4346719980239868,1.203921914100647,0.14502961933612823,-0.37254032492637634,0.40597569942474365,0.6034084558486938,-0.6858382821083069,3.265354871749878,-0.08124937117099762,-2.0659477710723877,0.26278164982795715,0.10778405517339706,0.5453940629959106,-0.42351415753364563,0.11609499901533127,-0.3314821422100067,-0.07072728127241135,-0.8286429643630981,1.347877860069275,-1.154065728187561,1.1535074710845947,0.6179996132850647,0.07842206954956055,0.3861449956893921,-0.3122810423374176,-0.2542738914489746,0.599286675453186,-0.7654008865356445,-0.28249073028564453,0.17420947551727295,-0.18175584077835083,-1.1142486333847046,-0.0023576996754854918,-1.2182782888412476,2.162753105163574,0.14890620112419128,-0.6263746619224548,2.0791385173797607,-0.7638442516326904,-0.5031936168670654,0.8725739121437073,-1.8870426416397095,0.15637929737567902,0.9350782632827759,-0.6416648626327515,0.782541811466217,0.7297899127006531,0.30724960565567017,-1.6874375343322754,1.0198137760162354,0.21591156721115112,-0.0690174475312233,1.0111143589019775,3.172079563140869,-2.5336081981658936,-2.8164429664611816,-0.3991195857524872,-0.6908372640609741,-0.22755315899848938,1.1313365697860718,-1.0081220865249634,2.063978433609009,1.2717056274414062,-1.8501406908035278,-1.083504557609558,0.08847945928573608,0.6195130944252014,0.28679159283638,-1.204167366027832,-0.8116617798805237,-2.3852789402008057,0.21065323054790497,1.9679991006851196,0.36646878719329834,0.4471479654312134,-0.3860740065574646,-0.28387731313705444,1.4276461601257324,-0.6735668778419495,0.7543151378631592,0.3087090253829956,0.05471254512667656,-1.4588263034820557,0.8105003237724304,-0.9173678755760193,0.2290259450674057,-0.997861385345459,-1.4844282865524292,1.504662275314331,0.48146694898605347,-0.6349037289619446,-1.1563279628753662,-0.026075299829244614,0.6129149198532104,1.0320521593093872,-0.6873262524604797,1.1112242937088013,-0.11814692616462708,-0.9325711131095886,-0.20868545770645142,-0.6337406635284424,0.7359557747840881,0.940497636795044,-0.3013322055339813,0.8689099550247192,0.9500608444213867,2.4329566955566406,-0.1561512053012848,1.3870984315872192,0.12259376049041748,0.9731655716896057,-1.4202959537506104,0.5362033843994141,-0.9388375282287598,-0.8779155015945435,-0.6540179252624512,0.08560571074485779,1.1013593673706055,0.8855535387992859,0.933795690536499,-0.45755788683891296,0.3838600218296051,0.6104040145874023,-0.30193179845809937,0.022024495527148247,0.6892111301422119,-0.18740198016166687,0.18812742829322815,-0.7983174920082092,0.08310316503047943,1.2998249530792236,0.014857291243970394,1.6394346952438354,-0.23552870750427246,0.4959108233451843,0.256148099899292,0.07859542965888977,0.20835667848587036,0.7750515341758728,-0.27301010489463806,-1.0946426391601562,0.5597211122512817,0.7479333877563477,-0.07147397100925446,0.9206607341766357,0.4163576066493988,1.159840703010559,-0.48614877462387085,-1.6126799583435059,0.27521970868110657,0.9435474872589111,0.6529357433319092,0.522437572479248,0.41880959272384644,0.28109386563301086,0.8829938173294067,-0.49910181760787964,0.7102793455123901,0.48507457971572876,0.005304219666868448,-0.5993690490722656,0.14208726584911346,-2.075362205505371,-0.9755710959434509,-1.2888574600219727,0.3340536952018738,-1.8189387321472168,0.16493205726146698,-0.6523810625076294,-0.49591559171676636,0.6412625908851624,-0.670002818107605,0.8435998558998108,1.2218269109725952,-0.9851188659667969,-1.562680721282959,-1.178817868232727,1.452484130859375,0.6553754210472107,-0.1435672640800476,0.8053093552589417
movielens20m.csv,-1.5143581628799438,0.7416189908981323,-1.5116002559661865,-0.8991038203239441,0.46842530369758606,-0.4108593165874481,1.2955588102340698,-0.08839455991983414,-0.6235098242759705,0.08931124955415726,-0.7534950971603394,-1.6617087125778198,0.007923949509859085,0.18235111236572266,-1.6862924098968506,1.2599083185195923,1.4842557907104492,-0.39668580889701843,-0.35642823576927185,-0.259586900472641,-0.7415769696235657,-0.36601707339286804,-0.662770688533783,2.1214334964752197,0.7458682060241699,-0.44328972697257996,2.265735387802124,-0.5703811645507812,-1.3663058280944824,1.4650715589523315,-0.30546045303344727,2.5121376514434814,-1.2159862518310547,-0.32312116026878357,-0.42493969202041626,0.036748915910720825,-0.6066654324531555,1.1397159099578857,-1.2498780488967896,0.23690885305404663,-0.025325695052742958,-0.6056627631187439,-0.7741956114768982,0.9174154996871948,0.8582770824432373,0.13424052298069,-0.8538984060287476,-0.3201051950454712,-0.24591483175754547,-0.3935590982437134,-1.8232645988464355,-0.6604442596435547,-1.560423493385315,1.1530464887619019,-1.7956300973892212,-0.3277198374271393,-0.5612346529960632,0.0016607316210865974,-2.070596218109131,0.09887238591909409,-0.7739999890327454,0.6086074709892273,0.1098112165927887,-1.175802230834961,-0.5642198324203491,0.4643651247024536,0.21440425515174866,-1.1342915296554565,-0.2234921008348465,-0.5389683842658997,-0.4261681139469147,-0.4852038621902466,0.41665539145469666,-2.509584426879883,-1.9473718404769897,-1.6925904750823975,-0.012932736426591873,-0.17775098979473114,0.9479933381080627,0.9217215180397034,2.2727339267730713,1.0905660390853882,-1.3628504276275635,-0.538270890712738,3.0545976161956787,-0.09517315775156021,0.7448393702507019,-0.6829310655593872,-0.8956460356712341,-0.6479478478431702,-0.10634051263332367,1.9163826704025269,0.07657384127378464,-0.7922164797782898,0.7450737357139587,-0.15371812880039215,1.385256052017212,-1.2518548965454102,0.09044461697340012,-1.2362056970596313,-0.7685691118240356,-0.4577951729297638,0.6638789176940918,-0.040703222155570984,0.402601957321167,-1.3227466344833374,-0.586374044418335,0.19550737738609314,0.8573861122131348,-0.8180429935455322,-1.3072930574417114,-0.45854389667510986,-0.49282070994377136,1.0170406103134155,0.10384684056043625,0.5253415107727051,0.855268657207489,-0.9294021725654602,-0.6029865741729736,-1.7271698713302612,0.49197205901145935,0.3908281624317169,-2.145749807357788,2.103419542312622,-0.06052369251847267,0.600275456905365,0.3522842824459076,1.3027682304382324,-0.2612597644329071,1.0899908542633057,-1.9538321495056152,0.9064067006111145,-0.5548955202102661,0.8371779918670654,-0.7417669892311096,-0.8880018591880798,0.7913779020309448,-0.49503496289253235,0.4570761024951935,-0.6472134590148926,1.124484896659851,-0.16548989713191986,-0.26081863045692444,2.560380697250366,0.06901800632476807,1.3176997900009155,0.7601781487464905,-0.0771443173289299,-0.42646607756614685,-0.5176823735237122,-1.508290410041809,0.14427658915519714,-0.6218321919441223,-0.9754578471183777,1.1809064149856567,0.9051849842071533,1.124914288520813,0.1581934243440628,1.1288378238677979,0.00271235522814095,0.01286562904715538,0.8925825357437134,-0.49142178893089294,-1.4322996139526367,0.0671379566192627,0.8712434768676758,0.0013537160120904446,-1.7780835628509521,0.6903088688850403,0.5268366932868958,0.3446212112903595,1.2465054988861084,0.9311693906784058,-1.0607155561447144,0.7437731027603149,-1.2165733575820923,-0.6182984709739685,1.1516122817993164,-0.38182657957077026,-0.09086514264345169,-0.07636726647615433,-0.3682924211025238,-1.4481555223464966,-0.8750152587890625,-0.01893593743443489,-1.581383228302002,-0.05025457963347435,-0.7288166880607605,-0.754030704498291,1.1624513864517212,-1.410260796546936,-0.768698513507843,0.012390526942908764,0.33496254682540894,-1.5483051538467407,-0.22719502449035645,1.0289262533187866,-0.0949806198477745,-1.021491289138794,0.7758403420448303
movielens100k.csv,-0.8872670531272888,-0.9821563363075256,-0.34006381034851074,-0.2378673106431961,0.894770085811615,0.4814543128013611,1.7394193410873413,-1.2875505685806274,0.001586375292390585,2.145003080368042,0.47658035159111023,-2.1073029041290283,-0.6610300540924072,-0.16010315716266632,-0.13507217168807983,-0.07316571474075317,0.8181757926940918,-0.760959804058075,-0.7069873213768005,-0.13333606719970703,0.3711293339729309,0.736163854598999,-0.7449596524238586,1.055376648902893,-0.8017054796218872,-0.5980886220932007,1.2634471654891968,0.8039260506629944,-1.049566626548767,0.7765687704086304,-0.099852055311203,-1.4577116966247559,-1.280900478363037,0.48885995149612427,-0.23915769159793854,-0.8289660811424255,-0.5094149708747864,1.983227252960205,0.27864566445350647,0.8921645879745483,0.30452725291252136,0.5009904503822327,1.0452340841293335,0.362506628036499,0.4623584449291229,-0.6126934289932251,-1.096024751663208,-0.29311466217041016,-0.8089119791984558,0.1550864428281784,-0.2368810921907425,-1.5611910820007324,-1.9705030918121338,0.24718321859836578,-1.3897380828857422,1.2844767570495605,-0.1125452071428299,0.056337665766477585,0.527428925037384,-0.9329923391342163,-0.23206999897956848,-0.02328655496239662,-0.49225881695747375,0.818641722202301,-0.11871218681335449,1.8103302717208862,0.05863538011908531,-1.730563998222351,0.45529699325561523,-0.23423340916633606,-0.745516836643219,-0.03171129897236824,0.24807704985141754,-1.7378984689712524,-2.4035391807556152,-0.7532612681388855,-1.5243359804153442,-0.29467329382896423,-0.5931483507156372,-0.44228291511535645,1.462628960609436,1.7719916105270386,-1.76699697971344,-0.9197918772697449,0.6606605052947998,1.6719155311584473,1.0528939962387085,-1.142547607421875,0.30999910831451416,-1.7126004695892334,-0.9573712348937988,0.6185818910598755,0.16492120921611786,0.8452562093734741,1.160928726196289,-0.5673447847366333,-0.2875216007232666,-0.6922652721405029,1.3842008113861084,0.14791631698608398,-0.395362913608551,-0.8218013644218445,0.16934815049171448,0.6505681276321411,-0.283790647983551,-1.0766137838363647,-0.8673304915428162,0.8584576845169067,1.1916730403900146,-0.9834056496620178,-0.7010947465896606,-1.0357756614685059,1.0483386516571045,1.0424326658248901,-0.22022795677185059,0.3955666720867157,-0.33604317903518677,-1.0906307697296143,-0.3764280080795288,-0.14869065582752228,0.48484644293785095,-0.03985864669084549,0.11635709553956985,1.3512827157974243,1.0645086765289307,1.3334498405456543,-0.9920010566711426,0.9021387100219727,0.7928972840309143,0.6027928590774536,-0.09092051535844803,-0.0046487366780638695,0.9035876989364624,0.37621361017227173,-0.8257707953453064,0.0898551195859909,0.911391019821167,1.2945982217788696,0.5390672087669373,-0.1753298044204712,2.277054786682129,0.6123572587966919,0.909928023815155,1.6805803775787354,0.3551521301269531,1.1026268005371094,0.9991824626922607,0.14536502957344055,1.1794440746307373,1.5045486688613892,-1.8614455461502075,-0.008136400952935219,-0.315767377614975,-0.7192474603652954,-0.28517669439315796,0.1845521479845047,-0.5188162326812744,0.04153025150299072,0.9834380745887756,-1.4955357313156128,0.6429865956306458,-0.9585240483283997,-0.5914164185523987,-0.7468743920326233,0.03388715907931328,2.0740115642547607,1.1700726747512817,-1.700027346611023,-0.2171599417924881,1.6515312194824219,0.3984369933605194,1.1136606931686401,2.110689401626587,-0.4410020709037781,-1.0047062635421753,0.2526604235172272,-0.32579874992370605,1.029274821281433,-0.05213894695043564,0.005288774613291025,-0.11687668412923813,-1.6899042129516602,-2.1421709060668945,-0.05189253389835358,0.23865434527397156,-0.8679885268211365,-0.28681766986846924,-0.10378570854663849,-1.2519663572311401,2.9413816928863525,0.7669246196746826,-0.07781273126602173,0.16689389944076538,-1.9195973873138428,-1.0579957962036133,-0.2809765934944153,1.8037632703781128,0.315359503030777,-1.8524671792984009,2.0240440368652344
movielens10m.csv,-2.6332931518554688,-0.41960009932518005,-0.1247960701584816,-0.05960909649729729,-0.6334456205368042,-0.6954277157783508,0.2780790328979492,-0.5613932013511658,0.5235491394996643,-0.37135714292526245,-1.3072445392608643,-2.5041117668151855,-1.2045058012008667,0.11781801283359528,-0.6197079420089722,0.2826092839241028,0.01691349595785141,-0.3457495868206024,0.7095992565155029,-0.4885830879211426,0.24972668290138245,-0.4232388734817505,-0.5744555592536926,0.650961697101593,0.4219892919063568,-0.9376072883605957,1.6026159524917603,-0.38451793789863586,-1.4297434091567993,0.14332856237888336,0.8035258650779724,-0.29270312190055847,-2.960270881652832,1.6979767084121704,-0.842367947101593,0.09946898370981216,0.5747409462928772,1.2819743156433105,-1.246309757232666,0.3272537291049957,0.2959618866443634,-0.032281000167131424,1.5905455350875854,0.03492557629942894,0.08896547555923462,0.14137306809425354,0.4591703712940216,1.0222059488296509,-0.05042048543691635,-0.16542351245880127,-0.21220427751541138,-0.9970394968986511,-1.9730392694473267,0.4095277190208435,0.5422865748405457,-0.7115549445152283,0.795549750328064,0.29074981808662415,-0.811872124671936,-0.7503618597984314,-1.4466664791107178,1.0427995920181274,-0.576995313167572,-0.17488406598567963,-0.1837403029203415,0.28494325280189514,1.633786916732788,-2.533226728439331,-0.0035660373978316784,-0.26457059383392334,-0.034730907529592514,-0.5318806171417236,1.4476803541183472,-1.6195809841156006,-2.2252438068389893,-2.042020559310913,-1.5867621898651123,-0.00044009875273332,0.31594011187553406,-0.5382291674613953,2.4624266624450684,1.1611076593399048,-0.1227651908993721,-0.5909822583198547,0.8496779799461365,1.0485281944274902,0.19319678843021393,-0.5143234133720398,-1.2658014297485352,0.6858458518981934,-0.24334055185317993,2.106910467147827,0.24253496527671814,-0.9152830839157104,0.7738584876060486,-0.9100711941719055,0.9297840595245361,-0.1597990244626999,0.26030826568603516,-0.5669772624969482,-0.8190296292304993,-0.8824628591537476,1.7386205196380615,-0.2710665762424469,-0.031628429889678955,-0.2545011639595032,-1.1129815578460693,1.7713860273361206,0.025727899745106697,-0.8920789361000061,-0.340915709733963,-1.4549237489700317,1.2173974514007568,0.42533859610557556,0.2961580157279968,-0.6117945313453674,0.9701578617095947,-0.2727981507778168,-0.4731946885585785,-0.33402979373931885,0.201107919216156,-0.3419327437877655,-1.8867435455322266,1.745165228843689,0.6932568550109863,0.05819457769393921,0.6678928136825562,0.05660742521286011,1.0151605606079102,1.3053746223449707,-1.0575306415557861,0.4030820429325104,0.013458436354994774,-0.20618274807929993,-0.5603288412094116,-1.059535026550293,1.0924814939498901,1.5929746627807617,0.8750314712524414,0.5210496187210083,0.17632682621479034,0.2993786334991455,0.5838808417320251,0.08838611841201782,-1.4567042589187622,1.7161580324172974,1.38228178024292,-0.5381972193717957,1.2987688779830933,0.9924508929252625,-1.6375634670257568,-0.06878917664289474,-1.8276042938232422,-1.217997431755066,-1.6560792922973633,0.3877694606781006,1.3149383068084717,1.17096745967865,-0.039486415684223175,0.07049406319856644,0.5342261791229248,-0.6921132206916809,0.1347772181034088,0.43486201763153076,-0.24141433835029602,0.2455054521560669,0.5807242393493652,-2.0277624130249023,1.4082015752792358,0.3854975402355194,-0.14910778403282166,0.8537791967391968,-1.230799913406372,0.6140070557594299,0.8008081912994385,-0.4559882581233978,0.4741663336753845,0.05768123269081116,-0.7242423295974731,0.3428809940814972,0.3500945270061493,-1.4329123497009277,-0.7341069579124451,-0.20653989911079407,0.36843281984329224,0.3026578426361084,-0.3591488003730774,-1.1157821416854858,-1.5023634433746338,1.2973897457122803,0.742242157459259,1.8848997354507446,-0.5427289009094238,-0.9200596213340759,-1.0081331729888916,-1.8055120706558228,2.169118642807007,-0.1771288365125656,-1.0443891286849976,1.4496262073516846
amazon-pet-supplies.csv,-1.674504280090332,0.16670870780944824,-0.6195585131645203,0.8371517658233643,0.6619771122932434,1.1181278228759766,0.9464938640594482,0.2132590264081955,-0.41594699025154114,1.5235440731048584,-0.8526619672775269,-1.8018524646759033,-0.3649403154850006,-0.27611473202705383,0.6119072437286377,0.20132726430892944,-0.32208701968193054,-0.6085578203201294,-1.0260382890701294,-0.5777393579483032,1.4910390377044678,-0.8842180967330933,-0.6355522274971008,0.40747392177581787,0.3163425922393799,-0.2887507975101471,2.0834157466888428,-0.919995903968811,-0.06372621655464172,0.8289442658424377,-0.11156070977449417,-0.8021568655967712,-1.7406138181686401,0.8912000060081482,-0.8708149194717407,0.16521133482456207,-1.5091103315353394,0.7996295690536499,-0.8566009402275085,-0.027220088988542557,-1.0837222337722778,0.14742256700992584,1.4939205646514893,-0.8478821516036987,-0.0872715413570404,-0.6963331699371338,-0.9473241567611694,0.9254906177520752,0.02583952806890011,0.1693674623966217,-1.5994126796722412,-1.785150170326233,-2.285665512084961,1.3496052026748657,-0.23095107078552246,-0.3528248369693756,-0.2982363998889923,-0.6865927577018738,-1.4295368194580078,-0.943839430809021,-1.1404767036437988,-0.3857129216194153,0.5687848925590515,-0.7306134104728699,-1.2791919708251953,0.5436243414878845,1.651456356048584,-2.0984482765197754,0.4948900640010834,-1.2214847803115845,0.3393038511276245,-0.09536111354827881,2.3079187870025635,-1.784226894378662,-2.7641687393188477,0.4951852858066559,-0.596563458442688,0.7551039457321167,-0.3325430750846863,-0.5714280605316162,1.4303643703460693,1.096358299255371,-2.116725206375122,-0.3148658573627472,1.2494603395462036,1.0620324611663818,0.6193867921829224,-1.6108473539352417,-0.6727973818778992,-0.9259679913520813,-0.5716766715049744,1.555568814277649,0.4127390384674072,-0.2151302844285965,1.008384108543396,-0.6068118810653687,1.710923194885254,-1.584665298461914,1.2553218603134155,1.273184061050415,-0.14426246285438538,-1.264656662940979,1.1483217477798462,-0.9091004133224487,-0.786185085773468,-0.7443908452987671,0.44959861040115356,0.4593205153942108,0.7892184853553772,-0.3670188784599304,-0.22792039811611176,-0.17189015448093414,0.09280847758054733,0.45826995372772217,0.1355867087841034,0.5262402296066284,0.28109005093574524,-0.5202438235282898,-0.6252800822257996,-0.1905306577682495,0.3647705018520355,-0.8780021667480469,-0.8467993140220642,1.217604637145996,0.36555716395378113,2.1363158226013184,0.1632501482963562,1.7705166339874268,0.7821353673934937,2.1007566452026367,-1.6930683851242065,2.3723716735839844,1.063668966293335,-1.1208083629608154,0.06556712836027145,0.864165186882019,0.6867794394493103,0.12775757908821106,2.1953237056732178,-1.7944477796554565,1.398036003112793,-0.4387662410736084,0.428042471408844,1.6611213684082031,0.30061960220336914,0.49846893548965454,0.991636335849762,0.2607431411743164,0.2143552303314209,0.62956702709198,-0.5679187178611755,0.5247724056243896,-1.8502517938613892,-0.2960452735424042,-0.4666527807712555,0.2362900972366333,0.7999741435050964,0.9250302910804749,-0.3070329427719116,-1.528107762336731,0.27905431389808655,0.001688429736532271,0.6225695610046387,0.07842966169118881,0.897284984588623,0.4745853841304779,1.0687023401260376,-1.53230619430542,0.11535833030939102,0.9370584487915039,0.91504967212677,-0.5811089277267456,0.7586926221847534,0.32084232568740845,0.8480554819107056,-0.6021249294281006,1.2132481336593628,0.2363594025373459,0.01271643117070198,0.48596611618995667,0.7492345571517944,0.2341211587190628,-1.4763747453689575,0.03643977642059326,0.8684147000312805,-1.3034497499465942,0.305184006690979,-0.6853741407394409,-0.5752960443496704,0.31331098079681396,-0.7565650939941406,0.397068053483963,-1.1545888185501099,-1.1954742670059204,-0.5499756336212158,-1.7921526432037354,0.38523033261299133,-0.0036735159810632467,0.15635162591934204,1.1917270421981812
amazon-health.csv,-1.3374911546707153,-0.1732005774974823,-0.5819880962371826,0.6190834045410156,0.30590394139289856,0.6629713177680969,1.3039355278015137,-0.3456421494483948,0.4198130965232849,0.9332373142242432,-1.275820255279541,-2.047788619995117,0.0714816004037857,-0.1964765042066574,0.3092171251773834,-0.12013689428567886,-0.1338101029396057,-0.5501163005828857,-0.45154452323913574,-1.0876104831695557,1.0138846635818481,-0.9438934922218323,0.02157716639339924,0.3819601237773895,0.6201640367507935,0.08010316640138626,1.7850180864334106,-1.525427222251892,-0.7536318898200989,0.648636519908905,0.10343214124441147,0.15287354588508606,-1.0087432861328125,0.6555882692337036,0.29358580708503723,-0.43021079897880554,-1.2223809957504272,1.6177208423614502,-0.3153218924999237,0.368642657995224,-1.2381945848464966,-0.38628020882606506,2.083585739135742,-0.1815999448299408,0.1493568867444992,-0.032312046736478806,-0.5901530981063843,1.0328516960144043,-0.5229567289352417,0.4886144697666168,-1.137631893157959,-0.9277697801589966,-2.3546242713928223,1.1284962892532349,-0.8397735357284546,-0.527732253074646,0.41212767362594604,-0.5232851505279541,-1.1888394355773926,-0.8323953151702881,-1.0156943798065186,-0.37527987360954285,-0.15780691802501678,-0.8794936537742615,-0.2806321084499359,0.7969117760658264,1.1486942768096924,-2.3101038932800293,0.4718320071697235,-1.3211634159088135,0.25540056824684143,-0.009735475294291973,3.3730485439300537,-1.9859620332717896,-2.3092007637023926,0.10199622809886932,-0.40527409315109253,0.4975416660308838,-0.014594223350286484,-1.204857587814331,1.9520421028137207,1.8717905282974243,-1.4322232007980347,-0.41609638929367065,1.5202761888504028,1.516672968864441,0.6942636370658875,-1.418382167816162,-0.7684117555618286,-1.0936235189437866,-0.8057180047035217,2.2889962196350098,-0.20683151483535767,0.2880025804042816,1.0313529968261719,-0.42637258768081665,1.1954325437545776,-0.5026965141296387,1.2406820058822632,0.04485534876585007,-0.7584053874015808,-1.145678997039795,1.0342097282409668,-0.8414571285247803,-0.40816473960876465,-1.344024658203125,0.243092343211174,0.48824313282966614,0.9148231148719788,-0.16701193153858185,-0.41315987706184387,0.11766772717237473,-0.31373152136802673,1.28646981716156,0.06759504228830338,0.5251550674438477,0.6558440327644348,-0.7938396334648132,0.01555159967392683,0.004222170915454626,0.45785096287727356,-0.7634072303771973,-0.8533998131752014,0.7156716585159302,0.5682277083396912,1.8659385442733765,0.41801145672798157,1.706040620803833,1.6248478889465332,2.1835038661956787,-2.419450044631958,1.141587257385254,0.437126487493515,-1.1697757244110107,-0.3516450524330139,0.6494191884994507,0.6868253946304321,0.316451758146286,2.132878541946411,-1.6768276691436768,0.6091167330741882,0.2684617340564728,1.1835631132125854,1.4186538457870483,-0.42634668946266174,0.4482627511024475,1.1862274408340454,0.0005508953472599387,0.24724401533603668,0.01702677458524704,-0.5961417555809021,0.8374267816543579,-1.7867807149887085,-0.38354116678237915,0.2667295038700104,0.9955850839614868,0.44182831048965454,0.42249855399131775,0.25509557127952576,-0.5084413886070251,0.6868875026702881,-0.3325944244861603,0.16462063789367676,0.5595085620880127,0.7586987018585205,0.18281251192092896,0.6058869361877441,-1.788590431213379,0.7691015601158142,1.5891982316970825,0.90984046459198,-0.43720436096191406,0.7864064574241638,0.35583725571632385,0.37087470293045044,-1.3219382762908936,1.216253638267517,0.1569882482290268,-0.5786390900611877,-0.3934048116207123,-0.2262759506702423,-0.08861099928617477,-2.339090585708618,-0.7440345287322998,1.1975055932998657,-1.4451075792312622,0.7489311695098877,-0.10492011159658432,-1.2077656984329224,0.33482033014297485,-0.35447627305984497,0.01801994815468788,-0.5824741125106812,-1.467726707458496,-0.35041487216949463,-1.6150237321853638,0.515656054019928,0.5428975224494934,-0.4042946398258209,0.9168641567230225
jester3.csv,-0.6413286924362183,-0.4574316740036011,-0.3874557614326477,0.5309355854988098,0.6028804183006287,-0.4468645751476288,1.2575891017913818,1.525365948677063,-0.5899541974067688,0.7781726717948914,-0.8381870985031128,-2.6351680755615234,-1.5487335920333862,-0.46157366037368774,-0.2915312349796295,0.05334299057722092,-0.24074573814868927,-0.9984225034713745,1.0775809288024902,0.05634043738245964,2.5035035610198975,0.06576813012361526,-0.5489776730537415,0.21872864663600922,0.153307244181633,0.38246479630470276,2.6643455028533936,-0.34811949729919434,-0.7352560758590698,1.4427460432052612,-0.03769690915942192,0.2467959225177765,-1.4966919422149658,-0.05921631306409836,-0.4361010491847992,-1.7954175472259521,-0.6023206114768982,1.128347396850586,-1.608476161956787,1.5369062423706055,0.5844386219978333,-0.91739821434021,1.7665947675704956,-0.23117414116859436,0.7816710472106934,0.2187187224626541,-1.7060025930404663,0.7564038634300232,-1.2088693380355835,0.05193076282739639,0.069059818983078,-1.2821000814437866,-1.1680865287780762,1.7609261274337769,-1.0360214710235596,-0.12251032143831253,0.052959002554416656,-0.6806292533874512,-1.2028969526290894,-0.8846303224563599,-2.1664910316467285,0.5741985440254211,-0.41819730401039124,-1.8426841497421265,1.445509433746338,2.528208017349243,0.9603854417800903,-1.462944746017456,-0.44819608330726624,0.4005267024040222,-0.2700817883014679,-0.09665331989526749,1.0414903163909912,-1.1195498704910278,-0.7118769884109497,-2.2229764461517334,0.5826103091239929,-0.11902569234371185,-1.3884069919586182,0.6057214736938477,1.825732707977295,1.2101104259490967,0.04407327249646187,-1.8324469327926636,0.28835225105285645,1.8355313539505005,-0.20631667971611023,-2.1275382041931152,0.3045221269130707,-1.3399288654327393,-1.1104780435562134,1.9824578762054443,-1.1655997037887573,-0.49991723895072937,0.26483824849128723,1.5036249160766602,0.2526837885379791,-0.7514581680297852,-0.1583106815814972,0.2327733188867569,-0.7806913256645203,-0.8689454793930054,1.561010718345642,-0.04692040756344795,-0.19835491478443146,-1.207584023475647,0.26972201466560364,1.1361215114593506,0.9455804228782654,-0.9486667513847351,-0.8041648864746094,-0.12678314745426178,-0.49539151787757874,-0.25295859575271606,-0.3746814429759979,0.7202921509742737,0.2003411501646042,-1.3291658163070679,-0.34576308727264404,-1.597577691078186,-0.2884235978126526,-0.07116174697875977,-0.26833653450012207,-1.068975567817688,-0.009646622464060783,2.0908524990081787,0.27175259590148926,0.7515961527824402,1.4232968091964722,2.2256081104278564,0.18532104790210724,2.026468515396118,0.5369133353233337,0.26782387495040894,-0.3287030756473541,-0.42754581570625305,2.2753360271453857,-0.5544100403785706,0.27485188841819763,-0.5196842551231384,1.8795852661132812,0.3365468382835388,0.8565792441368103,0.8785533308982849,-0.5756028890609741,0.5952797532081604,1.6766725778579712,0.12482739984989166,1.1011003255844116,1.019205927848816,-2.3908636569976807,0.2612411081790924,-0.8900845050811768,-0.5956642031669617,0.05405028164386749,0.277132123708725,1.0168167352676392,-0.15730412304401398,-0.5141754746437073,-0.1614631563425064,-0.9164358377456665,-0.08861321210861206,-1.0128328800201416,0.3069028854370117,0.0066181267611682415,-0.010156366974115372,1.0428574085235596,-1.0194698572158813,0.53028404712677,-0.32976144552230835,-0.00561331445351243,-0.5476122498512268,0.05753405764698982,0.27579185366630554,-0.25183022022247314,-0.730366051197052,0.6062223315238953,-0.3022048771381378,0.33083608746528625,0.16547982394695282,0.5085897445678711,-0.2196674644947052,-0.6702389717102051,-0.24338257312774658,-1.0543556213378906,-0.48638540506362915,0.7178769707679749,-0.3476036489009857,-0.43724220991134644,1.130645513534546,-0.6498165726661682,-0.5835927128791809,-1.0378384590148926,-0.5168924927711487,-0.833938479423523,0.4375664293766022,1.2371366024017334,0.15528173744678497,-0.7895739078521729,0.09113197028636932
movielens1m.csv,-0.19310083985328674,-0.9646323919296265,-0.5881901383399963,-1.269793152809143,1.0879689455032349,1.2597225904464722,1.5156294107437134,0.29940560460090637,1.102558970451355,2.138737916946411,-1.2635232210159302,-2.3346869945526123,-0.2056562900543213,0.16943086683750153,0.17772182822227478,-0.004153610672801733,0.2813493311405182,-0.24202652275562286,-0.5761904716491699,-1.0378092527389526,-0.13757328689098358,-0.8534724116325378,-1.2949475049972534,1.3531514406204224,1.0824052095413208,0.3118312954902649,0.9323028326034546,-0.3937665820121765,-1.098069429397583,0.5776165127754211,-0.5822726488113403,0.3708994686603546,-0.4298577308654785,-0.1094106137752533,0.48781073093414307,-0.021698318421840668,-0.5657249689102173,1.2316359281539917,-1.9889646768569946,1.2884864807128906,-0.4879648983478546,-1.3234751224517822,1.064469337463379,0.2077489048242569,0.5365461707115173,-0.151014506816864,-0.4423424005508423,-0.003362456802278757,-1.1627774238586426,-0.3386254906654358,0.2695485055446625,-2.1166296005249023,-0.1869240254163742,1.5173135995864868,0.5960911512374878,1.6293997764587402,-0.12216338515281677,-0.09931184351444244,-1.1398838758468628,-1.679079532623291,-0.4006688594818115,0.9703754186630249,-0.4946504831314087,-0.9809454679489136,1.002886176109314,0.5258224606513977,-0.6003767848014832,-2.117828607559204,1.0416362285614014,-1.623915672302246,-0.6968536376953125,0.02447260543704033,2.8368489742279053,-1.661577820777893,-1.5871394872665405,-0.7359966039657593,-2.0027551651000977,1.4885720014572144,0.23982425034046173,0.41511377692222595,1.6545037031173706,2.3299896717071533,-0.8737590312957764,-0.6816450953483582,0.14322777092456818,1.4936693906784058,0.1972639411687851,0.027817385271191597,-1.3815792798995972,-0.11998399347066879,-0.03118910640478134,1.362884521484375,-0.652331531047821,-0.8608811497688293,-0.6686599254608154,-0.22831125557422638,0.335161417722702,-0.9572649002075195,0.5602648854255676,0.11439254879951477,0.5791850686073303,0.009014321491122246,1.5680335760116577,0.32305440306663513,0.15997573733329773,-0.9086599349975586,-0.9098176956176758,0.8378960490226746,1.0750263929367065,0.561467707157135,-0.09991258382797241,-0.5177091956138611,0.5861315727233887,0.2641124725341797,0.3857015073299408,-0.15661703050136566,0.5423121452331543,-2.3414463996887207,1.3241212368011475,-0.47212597727775574,1.432317852973938,-0.38577938079833984,-1.787979245185852,1.1067084074020386,1.459519386291504,2.4779789447784424,1.5206303596496582,0.5459221601486206,-0.1037147268652916,2.559965133666992,-1.2236685752868652,1.7834856510162354,0.5627766847610474,-0.10369698703289032,-0.5632615685462952,-0.6362105011940002,0.32561883330345154,0.8777658343315125,-0.03117038868367672,-1.1384459733963013,0.7394523024559021,-0.8001453876495361,0.21318237483501434,-0.12017891556024551,-1.4468168020248413,-0.15070173144340515,2.0296339988708496,1.3120574951171875,-0.265789270401001,0.13199743628501892,-1.4333641529083252,-0.444791316986084,-1.2560181617736816,-0.27973008155822754,0.19167733192443848,0.4747125804424286,0.6341218948364258,0.030904272571206093,-0.1386258900165558,-0.3146948516368866,0.22468706965446472,0.027204295620322227,-0.7093893885612488,-0.5348427295684814,1.0594451427459717,1.3143606185913086,0.4827471673488617,-1.1329498291015625,0.3245776891708374,0.9622340798377991,0.4815729260444641,0.4079902768135071,-0.16035182774066925,-0.3994544446468353,1.0597268342971802,-0.39308804273605347,0.6323415637016296,-0.43359053134918213,-0.13027077913284302,0.11674676835536957,0.8800942897796631,-1.65165376663208,-2.038888931274414,0.38553810119628906,0.4188953638076782,-0.8369638919830322,0.02986162155866623,-0.8382038474082947,-1.4779717922210693,1.831973671913147,0.5588376522064209,-0.4723150134086609,-0.7138823866844177,-0.9716441631317139,-0.3860822916030884,-1.2510995864868164,0.9200382828712463,-0.10542519390583038,-0.663185715675354,0.6065053939819336
